-1.359499057099843977e+00 3.221917872738406241e-01 4.299890671452317181e-01 -9.499288909105361167e-01 2.988270295409700128e-01 7.408308492438727244e-06
-1.359498592660052019e+00 3.221897325108041832e-01 4.299886348141225834e-01 -9.499295853810428847e-01 2.988249198588396882e-01 7.408369930397387262e-06
-1.359258512988718026e+00 3.211287654924264157e-01 4.297653268561452133e-01 -9.502875241346359081e-01 2.977354661214861031e-01 7.439741825288448278e-06
-1.359017400418214061e+00 3.200656101008195753e-01 4.295414063169735175e-01 -9.506449042489616419e-01 2.966435066981897850e-01 7.470476364575328609e-06
-1.358776186613785963e+00 3.190043769393587914e-01 4.293177388040246845e-01 -9.510003435704436070e-01 2.955532646057977830e-01 7.500456670243065594e-06
-1.358291586720401067e+00 3.168794573976059237e-01 4.288694303474839820e-01 -9.517081564556449935e-01 2.933694929972420762e-01 7.558398298720004149e-06
-1.358048197409799984e+00 3.158157711119043976e-01 4.286447885071474895e-01 -9.520605242254336353e-01 2.922759646894885766e-01 7.586361805972415160e-06
-1.357804237085203036e+00 3.147519527358337843e-01 4.284199659173164032e-01 -9.524116365089674296e-01 2.911820471936584220e-01 7.613638202572722728e-06
-2.472174538775356034e-01 -9.670263484569494583e-01 -7.326647741016384385e-02 -2.770073591846486938e-01 -9.751789158167042393e-01 3.394176664677439007e-05
-2.432816972676744016e-01 -9.681600902196936254e-01 -7.454394018170401592e-02 -2.737723315576086058e-01 -9.761074356497820848e-01 3.391671104886288124e-05
-2.406597034727281093e-01 -9.689087072935005374e-01 -7.539400262245327111e-02 -2.716167229457204790e-01 -9.767196003984403019e-01 3.390269993969314795e-05
-2.406571835699297113e-01 -9.689094241969853361e-01 -7.539481920985134644e-02 -2.716146510996386154e-01 -9.767201862636870624e-01 3.390268751492612218e-05
-2.393457099952819023e-01 -9.692818660572976031e-01 -7.581971088057277985e-02 -2.705363227994668773e-01 -9.770244559386228600e-01 3.389649376942781978e-05
-2.327788826498811969e-01 -9.711267521137011416e-01 -7.794429589877133191e-02 -2.651355780201873902e-01 -9.785287625732735917e-01 3.387374762574370853e-05
-2.222547399161637072e-01 -9.740141426283164261e-01 -8.133903394861441427e-02 -2.564756038340347266e-01 -9.808729219041115721e-01 3.386662152891014329e-05
-1.359499057099843977e+00 3.221917872738406241e-01 4.299890671452317181e-01 -9.499288909105361167e-01 2.988270295409700128e-01 7.408308492438727244e-06
-1.359498592660052019e+00 3.221897325108041832e-01 4.299886348141225834e-01 -9.499295853810428847e-01 2.988249198588396882e-01 7.408369930397387262e-06
-1.359258512988718026e+00 3.211287654924264157e-01 4.297653268561452133e-01 -9.502875241346359081e-01 2.977354661214861031e-01 7.439741825288448278e-06
-1.359017400418214061e+00 3.200656101008195753e-01 4.295414063169735175e-01 -9.506449042489616419e-01 2.966435066981897850e-01 7.470476364575328609e-06
-1.358776186613785963e+00 3.190043769393587914e-01 4.293177388040246845e-01 -9.510003435704436070e-01 2.955532646057977830e-01 7.500456670243065594e-06
-1.358291586720401067e+00 3.168794573976059237e-01 4.288694303474839820e-01 -9.517081564556449935e-01 2.933694929972420762e-01 7.558398298720004149e-06
-1.358048197409799984e+00 3.158157711119043976e-01 4.286447885071474895e-01 -9.520605242254336353e-01 2.922759646894885766e-01 7.586361805972415160e-06
-1.357804237085203036e+00 3.147519527358337843e-01 4.284199659173164032e-01 -9.524116365089674296e-01 2.911820471936584220e-01 7.613638202572722728e-06
-2.472174538775356034e-01 -9.670263484569494583e-01 -7.326647741016384385e-02 -2.770073591846486938e-01 -9.751789158167042393e-01 3.394176664677439007e-05
-2.432816972676744016e-01 -9.681600902196936254e-01 -7.454394018170401592e-02 -2.737723315576086058e-01 -9.761074356497820848e-01 3.391671104886288124e-05
-2.406597034727281093e-01 -9.689087072935005374e-01 -7.539400262245327111e-02 -2.716167229457204790e-01 -9.767196003984403019e-01 3.390269993969314795e-05
-2.406571835699297113e-01 -9.689094241969853361e-01 -7.539481920985134644e-02 -2.716146510996386154e-01 -9.767201862636870624e-01 3.390268751492612218e-05
-2.393457099952819023e-01 -9.692818660572976031e-01 -7.581971088057277985e-02 -2.705363227994668773e-01 -9.770244559386228600e-01 3.389649376942781978e-05
-2.327788826498811969e-01 -9.711267521137011416e-01 -7.794429589877133191e-02 -2.651355780201873902e-01 -9.785287625732735917e-01 3.387374762574370853e-05
-2.222547399161637072e-01 -9.740141426283164261e-01 -8.133903394861441427e-02 -2.564756038340347266e-01 -9.808729219041115721e-01 3.386662152891014329e-05
