-9.538514561874389397e-01 2.841947085890085267e-01 5.996387880231583006e-02 -9.499288909105361167e-01 2.988270295409700128e-01 7.408308492438727244e-06
-9.538522961692352808e-01 2.841927372974316079e-01 5.996355224239031251e-02 -9.499295853810428847e-01 2.988249198588396882e-01 7.408369930397387262e-06
-9.542853604806986745e-01 2.831747483551941835e-01 5.979490505645525256e-02 -9.502875241346359081e-01 2.977354661214861031e-01 7.439741825288448278e-06
-9.547180043410371519e-01 2.821544162385941079e-01 5.962585101776896046e-02 -9.506449042489616419e-01 2.966435066981897850e-01 7.470476364575328609e-06
-9.551485549584542989e-01 2.811356871667676782e-01 5.945704395719037666e-02 -9.510003435704436070e-01 2.955532646057977830e-01 7.500456670243065594e-06
-9.560067163931768031e-01 2.790951531563227173e-01 5.911886427059896004e-02 -9.517081564556449935e-01 2.933694929972420762e-01 7.558398298720004149e-06
-9.564343220837731030e-01 2.780733497542791088e-01 5.894949182756729911e-02 -9.520605242254336353e-01 2.922759646894885766e-01 7.586361805972415160e-06
-9.568606666935406402e-01 2.770511818768378043e-01 5.878004032040078791e-02 -9.524116365089674296e-01 2.911820471936584220e-01 7.613638202572722728e-06
-4.330291932263266030e-01 -9.471835039128558842e-01 -1.573771485012153970e-01 -2.770073591846486938e-01 -9.751789158167042393e-01 3.394176664677439007e-05
-4.300982021374368802e-01 -9.483239049905208828e-01 -1.576082673035079096e-01 -2.737723315576086058e-01 -9.761074356497820848e-01 3.391671104886288124e-05
-4.281443681674331758e-01 -9.490779337520836023e-01 -1.577612754380217086e-01 -2.716167229457204790e-01 -9.767196003984403019e-01 3.390269993969314795e-05
-4.281424899417490271e-01 -9.490786562300498330e-01 -1.577614221186746934e-01 -2.716146510996386154e-01 -9.767201862636870624e-01 3.390268751492612218e-05
-4.271648529779252801e-01 -9.494540963776813003e-01 -1.578376651747281090e-01 -2.705363227994668773e-01 -9.770244559386228600e-01 3.389649376942781978e-05
-4.222659582675736267e-01 -9.513168943195730032e-01 -1.582165426385576112e-01 -2.651355780201873902e-01 -9.785287625732735917e-01 3.387374762574370853e-05
-4.144021328564990725e-01 -9.542429424207592437e-01 -1.588137307335668880e-01 -2.564756038340347266e-01 -9.808729219041115721e-01 3.386662152891014329e-05
-9.538514561874389397e-01 2.841947085890085267e-01 5.996387880231583006e-02 -9.499288909105361167e-01 2.988270295409700128e-01 7.408308492438727244e-06
-9.538522961692352808e-01 2.841927372974316079e-01 5.996355224239031251e-02 -9.499295853810428847e-01 2.988249198588396882e-01 7.408369930397387262e-06
-9.542853604806986745e-01 2.831747483551941835e-01 5.979490505645525256e-02 -9.502875241346359081e-01 2.977354661214861031e-01 7.439741825288448278e-06
-9.547180043410371519e-01 2.821544162385941079e-01 5.962585101776896046e-02 -9.506449042489616419e-01 2.966435066981897850e-01 7.470476364575328609e-06
-9.551485549584542989e-01 2.811356871667676782e-01 5.945704395719037666e-02 -9.510003435704436070e-01 2.955532646057977830e-01 7.500456670243065594e-06
-9.560067163931768031e-01 2.790951531563227173e-01 5.911886427059896004e-02 -9.517081564556449935e-01 2.933694929972420762e-01 7.558398298720004149e-06
-9.564343220837731030e-01 2.780733497542791088e-01 5.894949182756729911e-02 -9.520605242254336353e-01 2.922759646894885766e-01 7.586361805972415160e-06
-9.568606666935406402e-01 2.770511818768378043e-01 5.878004032040078791e-02 -9.524116365089674296e-01 2.911820471936584220e-01 7.613638202572722728e-06
-4.330291932263266030e-01 -9.471835039128558842e-01 -1.573771485012153970e-01 -2.770073591846486938e-01 -9.751789158167042393e-01 3.394176664677439007e-05
-4.300982021374368802e-01 -9.483239049905208828e-01 -1.576082673035079096e-01 -2.737723315576086058e-01 -9.761074356497820848e-01 3.391671104886288124e-05
-4.281443681674331758e-01 -9.490779337520836023e-01 -1.577612754380217086e-01 -2.716167229457204790e-01 -9.767196003984403019e-01 3.390269993969314795e-05
-4.281424899417490271e-01 -9.490786562300498330e-01 -1.577614221186746934e-01 -2.716146510996386154e-01 -9.767201862636870624e-01 3.390268751492612218e-05
-4.271648529779252801e-01 -9.494540963776813003e-01 -1.578376651747281090e-01 -2.705363227994668773e-01 -9.770244559386228600e-01 3.389649376942781978e-05
-4.222659582675736267e-01 -9.513168943195730032e-01 -1.582165426385576112e-01 -2.651355780201873902e-01 -9.785287625732735917e-01 3.387374762574370853e-05
-4.144021328564990725e-01 -9.542429424207592437e-01 -1.588137307335668880e-01 -2.564756038340347266e-01 -9.808729219041115721e-01 3.386662152891014329e-05
