-1.011625272827199051e+00 2.203889124415377987e-01 -2.033670880325539887e-01
-1.011626288215045077e+00 2.203866049394523075e-01 -2.033675115076888085e-01
-1.012149983634913042e+00 2.191950910547174891e-01 -2.035860435788479084e-01
-1.012673568083215958e+00 2.180010276964280125e-01 -2.038047716178273960e-01
-1.013195017687319011e+00 2.168090328070872985e-01 -2.040228499428670961e-01
-1.014235558025776918e+00 2.144220208124150984e-01 -2.044587476411766080e-01
-1.014754645178252979e+00 2.132270058491944065e-01 -2.046765660392816100e-01
-1.015272607879307953e+00 2.120317565838719109e-01 -2.048941566879423914e-01
-9.396673083940392246e-01 -1.304726302562744022e+00 -3.193642093593956899e-01
-9.384301659007813212e-01 -1.307219064116623919e+00 -3.193068663590153955e-01
-9.376050967554138138e-01 -1.308876841870606045e+00 -3.192682185182290078e-01
-9.376043034699772516e-01 -1.308878433991844004e+00 -3.192681812040029099e-01
-9.371913521244890077e-01 -1.309706759190651937e+00 -3.192487166105759111e-01
-9.351209408067054918e-01 -1.313845757864243957e+00 -3.191499191649548872e-01
-9.317935246488479040e-01 -1.320449479095550105e+00 -3.189869729464149262e-01
-1.011625272827199051e+00 2.203889124415377987e-01 -2.033670880325539887e-01
-1.011626288215045077e+00 2.203866049394523075e-01 -2.033675115076888085e-01
-1.012149983634913042e+00 2.191950910547174891e-01 -2.035860435788479084e-01
-1.012673568083215958e+00 2.180010276964280125e-01 -2.038047716178273960e-01
-1.013195017687319011e+00 2.168090328070872985e-01 -2.040228499428670961e-01
-1.014235558025776918e+00 2.144220208124150984e-01 -2.044587476411766080e-01
-1.014754645178252979e+00 2.132270058491944065e-01 -2.046765660392816100e-01
-1.015272607879307953e+00 2.120317565838719109e-01 -2.048941566879423914e-01
-9.396673083940392246e-01 -1.304726302562744022e+00 -3.193642093593956899e-01
-9.384301659007813212e-01 -1.307219064116623919e+00 -3.193068663590153955e-01
-9.376050967554138138e-01 -1.308876841870606045e+00 -3.192682185182290078e-01
-9.376043034699772516e-01 -1.308878433991844004e+00 -3.192681812040029099e-01
-9.371913521244890077e-01 -1.309706759190651937e+00 -3.192487166105759111e-01
-9.351209408067054918e-01 -1.313845757864243957e+00 -3.191499191649548872e-01
-9.317935246488479040e-01 -1.320449479095550105e+00 -3.189869729464149262e-01
