-1.046597605729723934e+00 6.308461019994154872e-01 2.464536110308577187e-03
-1.046597992056526927e+00 6.308436537743055128e-01 2.464601597149204942e-03
-1.046797083073111034e+00 6.295793786193654151e-01 2.498412398259429110e-03
-1.046995809443584058e+00 6.283122037156501083e-01 2.532286892982107008e-03
-1.047193401833270920e+00 6.270470285072150540e-01 2.566094091504201018e-03
-1.047586714237404903e+00 6.245128788061933278e-01 2.633768413473997101e-03
-1.047782429269829896e+00 6.232439033344548962e-01 2.667635476438061978e-03
-1.047977388146223987e+00 6.219744782402250038e-01 2.701500612888191061e-03
-2.957117559208998214e-01 -1.089294958825280046e+00 3.115113842692646129e-02
-2.923233620790093856e-01 -1.091480198878473029e+00 3.114584772595258011e-02
-2.900660557661408068e-01 -1.092930260365452932e+00 3.114218566549276090e-02
-2.900638863640997989e-01 -1.092931651765506995e+00 3.114218209332863044e-02
-2.889348327819256101e-01 -1.093655228016797931e+00 3.114030926951587980e-02
-2.832815114401974199e-01 -1.097261207340866962e+00 3.113052167296510159e-02
-2.742216283409769084e-01 -1.102981232876169004e+00 3.111342231539232853e-02
-1.046597605729723934e+00 6.308461019994154872e-01 2.464536110308577187e-03
-1.046597992056526927e+00 6.308436537743055128e-01 2.464601597149204942e-03
-1.046797083073111034e+00 6.295793786193654151e-01 2.498412398259429110e-03
-1.046995809443584058e+00 6.283122037156501083e-01 2.532286892982107008e-03
-1.047193401833270920e+00 6.270470285072150540e-01 2.566094091504201018e-03
-1.047586714237404903e+00 6.245128788061933278e-01 2.633768413473997101e-03
-1.047782429269829896e+00 6.232439033344548962e-01 2.667635476438061978e-03
-1.047977388146223987e+00 6.219744782402250038e-01 2.701500612888191061e-03
-2.957117559208998214e-01 -1.089294958825280046e+00 3.115113842692646129e-02
-2.923233620790093856e-01 -1.091480198878473029e+00 3.114584772595258011e-02
-2.900660557661408068e-01 -1.092930260365452932e+00 3.114218566549276090e-02
-2.900638863640997989e-01 -1.092931651765506995e+00 3.114218209332863044e-02
-2.889348327819256101e-01 -1.093655228016797931e+00 3.114030926951587980e-02
-2.832815114401974199e-01 -1.097261207340866962e+00 3.113052167296510159e-02
-2.742216283409769084e-01 -1.102981232876169004e+00 3.111342231539232853e-02
