-6.627076350552102424e-01 1.142433015935264917e+00 -8.436999754502937376e-01
-6.627088161843889269e-01 1.142431771629333959e+00 -8.436990347663689827e-01
-6.633185365318992055e-01 1.141789127622037103e+00 -8.432132048177739536e-01
-6.639292140170398593e-01 1.141144852355520989e+00 -8.427261477768619446e-01
-6.645384872684531041e-01 1.140501436552066039e+00 -8.422397465770914415e-01
-6.657575404828951493e-01 1.139212199597636088e+00 -8.412651441587873924e-01
-6.663673187526266695e-01 1.138566376684919890e+00 -8.407769416434350829e-01
-6.669768709689026798e-01 1.137920166153691071e+00 -8.402884522451352645e-01
-9.969998257558222443e-01 -1.507507028748389932e-01 1.245964700551628057e-01
-9.957607447630550945e-01 -1.539433587962616978e-01 1.269652080710652886e-01
-9.949295652610417040e-01 -1.560680800914739930e-01 1.285415395806054906e-01
-9.949287642507081975e-01 -1.560701212308668873e-01 1.285430538756706098e-01
-9.945113099896335518e-01 -1.571322021824534121e-01 1.293309910379246974e-01
-9.924038753030395288e-01 -1.624436099851029047e-01 1.332712097947844065e-01
-9.889668743245288995e-01 -1.709327181382201966e-01 1.395680417925939110e-01
-6.627076350552102424e-01 1.142433015935264917e+00 -8.436999754502937376e-01
-6.627088161843889269e-01 1.142431771629333959e+00 -8.436990347663689827e-01
-6.633185365318992055e-01 1.141789127622037103e+00 -8.432132048177739536e-01
-6.639292140170398593e-01 1.141144852355520989e+00 -8.427261477768619446e-01
-6.645384872684531041e-01 1.140501436552066039e+00 -8.422397465770914415e-01
-6.657575404828951493e-01 1.139212199597636088e+00 -8.412651441587873924e-01
-6.663673187526266695e-01 1.138566376684919890e+00 -8.407769416434350829e-01
-6.669768709689026798e-01 1.137920166153691071e+00 -8.402884522451352645e-01
-9.969998257558222443e-01 -1.507507028748389932e-01 1.245964700551628057e-01
-9.957607447630550945e-01 -1.539433587962616978e-01 1.269652080710652886e-01
-9.949295652610417040e-01 -1.560680800914739930e-01 1.285415395806054906e-01
-9.949287642507081975e-01 -1.560701212308668873e-01 1.285430538756706098e-01
-9.945113099896335518e-01 -1.571322021824534121e-01 1.293309910379246974e-01
-9.924038753030395288e-01 -1.624436099851029047e-01 1.332712097947844065e-01
-9.889668743245288995e-01 -1.709327181382201966e-01 1.395680417925939110e-01
