-9.189023402610949631e-01 -1.683373314305955049e+00 3.316076925044252888e-01
-9.189010578489194003e-01 -1.683373651181373054e+00 3.316078885809548016e-01
-9.182388518543381783e-01 -1.683547436248280960e+00 3.317090962719905223e-01
-9.175752025710557369e-01 -1.683721261578442041e+00 3.318104416861435979e-01
-9.169126758374886998e-01 -1.683894455043632998e+00 3.319115329776912149e-01
-9.155858582066004336e-01 -1.684240288912745909e+00 3.321137364746746257e-01
-9.149215668506949228e-01 -1.684412927977448016e+00 3.322148483928903939e-01
-9.142571150241129985e-01 -1.684585269947733055e+00 3.323159018036233037e-01
1.336159246993680882e-01 -1.581206965784498930e+00 3.998381764791748005e-01
1.359415300215620903e-01 -1.580129190497943092e+00 3.997803333490789202e-01
1.374897287868621087e-01 -1.579409271620290989e+00 3.997412326265433746e-01
1.374912162784285019e-01 -1.579408578997848034e+00 3.997411948306532903e-01
1.382652649502529862e-01 -1.579047914755975945e+00 3.997214674034553772e-01
1.421378020222645033e-01 -1.577236229320948979e+00 3.996209854912035064e-01
1.483328063751079007e-01 -1.574312657694876938e+00 3.994540302582205160e-01
-9.189023402610949631e-01 -1.683373314305955049e+00 3.316076925044252888e-01
-9.189010578489194003e-01 -1.683373651181373054e+00 3.316078885809548016e-01
-9.182388518543381783e-01 -1.683547436248280960e+00 3.317090962719905223e-01
-9.175752025710557369e-01 -1.683721261578442041e+00 3.318104416861435979e-01
-9.169126758374886998e-01 -1.683894455043632998e+00 3.319115329776912149e-01
-9.155858582066004336e-01 -1.684240288912745909e+00 3.321137364746746257e-01
-9.149215668506949228e-01 -1.684412927977448016e+00 3.322148483928903939e-01
-9.142571150241129985e-01 -1.684585269947733055e+00 3.323159018036233037e-01
1.336159246993680882e-01 -1.581206965784498930e+00 3.998381764791748005e-01
1.359415300215620903e-01 -1.580129190497943092e+00 3.997803333490789202e-01
1.374897287868621087e-01 -1.579409271620290989e+00 3.997412326265433746e-01
1.374912162784285019e-01 -1.579408578997848034e+00 3.997411948306532903e-01
1.382652649502529862e-01 -1.579047914755975945e+00 3.997214674034553772e-01
1.421378020222645033e-01 -1.577236229320948979e+00 3.996209854912035064e-01
1.483328063751079007e-01 -1.574312657694876938e+00 3.994540302582205160e-01
