-1.269477021742771994e+00 -8.503114933178547163e-01 3.295535425813349295e-02
-1.269476081056456040e+00 -8.503125343703632488e-01 3.295536645327579867e-02
-1.268990162398768051e+00 -8.508498877042434128e-01 3.296165696169375131e-02
-1.268502841477390009e+00 -8.513879707304304878e-01 3.296794764209257100e-02
-1.268016002424787958e+00 -8.519247028890838402e-01 3.297421416914184805e-02
-1.267040000383107046e+00 -8.529982729687309861e-01 3.298672333909762749e-02
-1.266550835780517081e+00 -8.535351091664160617e-01 3.299296592606525830e-02
-1.266061210022549011e+00 -8.540716327067536806e-01 3.299919646620730340e-02
-1.717672148724891101e-01 -1.144291440517779090e+00 2.701630777530886901e-02
-1.687808446589219025e-01 -1.143474806717841075e+00 2.696473674564834125e-02
-1.667918108455752890e-01 -1.142926311323019917e+00 2.693028797011760844e-02
-1.667898994400937862e-01 -1.142925782468626972e+00 2.693025482710698082e-02
-1.657951631188674113e-01 -1.142650095005991018e+00 2.691299640421139852e-02
-1.608157023078803927e-01 -1.141256225121108914e+00 2.682630082886409972e-02
-1.528401898950602911e-01 -1.138975498724476898e+00 2.668638567052305025e-02
-1.269477021742771994e+00 -8.503114933178547163e-01 3.295535425813349295e-02
-1.269476081056456040e+00 -8.503125343703632488e-01 3.295536645327579867e-02
-1.268990162398768051e+00 -8.508498877042434128e-01 3.296165696169375131e-02
-1.268502841477390009e+00 -8.513879707304304878e-01 3.296794764209257100e-02
-1.268016002424787958e+00 -8.519247028890838402e-01 3.297421416914184805e-02
-1.267040000383107046e+00 -8.529982729687309861e-01 3.298672333909762749e-02
-1.266550835780517081e+00 -8.535351091664160617e-01 3.299296592606525830e-02
-1.266061210022549011e+00 -8.540716327067536806e-01 3.299919646620730340e-02
-1.717672148724891101e-01 -1.144291440517779090e+00 2.701630777530886901e-02
-1.687808446589219025e-01 -1.143474806717841075e+00 2.696473674564834125e-02
-1.667918108455752890e-01 -1.142926311323019917e+00 2.693028797011760844e-02
-1.667898994400937862e-01 -1.142925782468626972e+00 2.693025482710698082e-02
-1.657951631188674113e-01 -1.142650095005991018e+00 2.691299640421139852e-02
-1.608157023078803927e-01 -1.141256225121108914e+00 2.682630082886409972e-02
-1.528401898950602911e-01 -1.138975498724476898e+00 2.668638567052305025e-02
