-1.264490376164622010e+00 -8.557874210569342832e-01 3.301906493698666956e-02 -9.535274116387248977e-01 2.876768308535120888e-01 7.696387226107118064e-06
-1.262523268628297002e+00 -8.579242987955464361e-01 3.304368823487605078e-02 -9.549018686825362368e-01 2.832966334875556824e-01 7.789988233470949411e-06
-1.253076810944329988e+00 -8.680080304556424542e-01 3.315803598378771339e-02 -9.611568898795997962e-01 2.624045903468832930e-01 8.096400335413630060e-06
-1.251067487869000905e+00 -8.701157692338215011e-01 3.318154514397821109e-02 -9.624152788800237612e-01 2.579909089832518876e-01 8.134025658417726233e-06
-1.227955827635589081e+00 -8.934742712313843427e-01 3.343256610027924708e-02 -9.751699988262143570e-01 2.079712088072747100e-01 8.087301818155197698e-06
-1.217921111019411029e+00 -9.031361666924659914e-01 3.353104268185663761e-02 -9.797754044527628992e-01 1.866744576270872036e-01 7.917280026613936000e-06
1.477758470679098046e-01 -1.005117878028843004e+00 2.036141195171344009e-02 7.611382493121793269e-02 -1.011408814049435945e+00 3.757164127502943978e-05
1.487688703643134935e-01 -1.004499867695765936e+00 2.033664994365648113e-02 7.722819000639521980e-02 -1.011323121028937067e+00 3.752620618796713762e-05
-1.264490376164622010e+00 -8.557874210569342832e-01 3.301906493698666956e-02 -9.535274116387248977e-01 2.876768308535120888e-01 7.696387226107118064e-06
-1.262523268628297002e+00 -8.579242987955464361e-01 3.304368823487605078e-02 -9.549018686825362368e-01 2.832966334875556824e-01 7.789988233470949411e-06
-1.253076810944329988e+00 -8.680080304556424542e-01 3.315803598378771339e-02 -9.611568898795997962e-01 2.624045903468832930e-01 8.096400335413630060e-06
-1.251067487869000905e+00 -8.701157692338215011e-01 3.318154514397821109e-02 -9.624152788800237612e-01 2.579909089832518876e-01 8.134025658417726233e-06
-1.227955827635589081e+00 -8.934742712313843427e-01 3.343256610027924708e-02 -9.751699988262143570e-01 2.079712088072747100e-01 8.087301818155197698e-06
-1.217921111019411029e+00 -9.031361666924659914e-01 3.353104268185663761e-02 -9.797754044527628992e-01 1.866744576270872036e-01 7.917280026613936000e-06
1.477758470679098046e-01 -1.005117878028843004e+00 2.036141195171344009e-02 7.611382493121793269e-02 -1.011408814049435945e+00 3.757164127502943978e-05
1.487688703643134935e-01 -1.004499867695765936e+00 2.033664994365648113e-02 7.722819000639521980e-02 -1.011323121028937067e+00 3.752620618796713762e-05
