-9.499288909105361167e-01 2.988270295409700128e-01 7.408308492438727244e-06
-9.499295853810428847e-01 2.988249198588396882e-01 7.408369930397387262e-06
-9.502875241346359081e-01 2.977354661214861031e-01 7.439741825288448278e-06
-9.506449042489616419e-01 2.966435066981897850e-01 7.470476364575328609e-06
-9.510003435704436070e-01 2.955532646057977830e-01 7.500456670243065594e-06
-9.517081564556449935e-01 2.933694929972420762e-01 7.558398298720004149e-06
-9.520605242254336353e-01 2.922759646894885766e-01 7.586361805972415160e-06
-9.524116365089674296e-01 2.911820471936584220e-01 7.613638202572722728e-06
-2.770073591846486938e-01 -9.751789158167042393e-01 3.394176664677439007e-05
-2.737723315576086058e-01 -9.761074356497820848e-01 3.391671104886288124e-05
-2.716167229457204790e-01 -9.767196003984403019e-01 3.390269993969314795e-05
-2.716146510996386154e-01 -9.767201862636870624e-01 3.390268751492612218e-05
-2.705363227994668773e-01 -9.770244559386228600e-01 3.389649376942781978e-05
-2.651355780201873902e-01 -9.785287625732735917e-01 3.387374762574370853e-05
-2.564756038340347266e-01 -9.808729219041115721e-01 3.386662152891014329e-05
-9.499288909105361167e-01 2.988270295409700128e-01 7.408308492438727244e-06
-9.499295853810428847e-01 2.988249198588396882e-01 7.408369930397387262e-06
-9.502875241346359081e-01 2.977354661214861031e-01 7.439741825288448278e-06
-9.506449042489616419e-01 2.966435066981897850e-01 7.470476364575328609e-06
-9.510003435704436070e-01 2.955532646057977830e-01 7.500456670243065594e-06
-9.517081564556449935e-01 2.933694929972420762e-01 7.558398298720004149e-06
-9.520605242254336353e-01 2.922759646894885766e-01 7.586361805972415160e-06
-9.524116365089674296e-01 2.911820471936584220e-01 7.613638202572722728e-06
-2.770073591846486938e-01 -9.751789158167042393e-01 3.394176664677439007e-05
-2.737723315576086058e-01 -9.761074356497820848e-01 3.391671104886288124e-05
-2.716167229457204790e-01 -9.767196003984403019e-01 3.390269993969314795e-05
-2.716146510996386154e-01 -9.767201862636870624e-01 3.390268751492612218e-05
-2.705363227994668773e-01 -9.770244559386228600e-01 3.389649376942781978e-05
-2.651355780201873902e-01 -9.785287625732735917e-01 3.387374762574370853e-05
-2.564756038340347266e-01 -9.808729219041115721e-01 3.386662152891014329e-05
