-1.391790493096735970e+00 3.195373316123275020e-01 -1.221122353069957062e-01 -9.499288909105361167e-01 2.988270295409700128e-01 7.408308492438727244e-06
-1.391789856368216949e+00 3.195352207315477200e-01 -1.221118571834085009e-01 -9.499295853810428847e-01 2.988249198588396882e-01 7.408369930397387262e-06
-1.391460797179187026e+00 3.184452758815425888e-01 -1.219166000698501950e-01 -9.502875241346359081e-01 2.977354661214861031e-01 7.439741825288448278e-06
-1.391130483323504974e+00 3.173530794791646903e-01 -1.217209105317600959e-01 -9.506449042489616419e-01 2.966435066981897850e-01 7.470476364575328609e-06
-1.390800191237030914e+00 3.162628544174377887e-01 -1.215255451523822028e-01 -9.510003435704436070e-01 2.955532646057977830e-01 7.500456670243065594e-06
-1.390137113493675081e+00 3.140798738801248158e-01 -1.211342736209064935e-01 -9.517081564556449935e-01 2.933694929972420762e-01 7.558398298720004149e-06
-1.389804324234849009e+00 3.129871184992524258e-01 -1.209383673022154937e-01 -9.520605242254336353e-01 2.922759646894885766e-01 7.586361805972415160e-06
-1.389470914012407077e+00 3.118942240344337868e-01 -1.207424067898388020e-01 -9.524116365089674296e-01 2.911820471936584220e-01 7.613638202572722728e-06
-8.356629045484183227e-02 -9.599852198346910948e-01 1.535919437123952902e-01 -2.770073591846486938e-01 -9.751789158167042393e-01 3.394176664677439007e-05
-7.924056797147996378e-02 -9.608363821195670118e-01 1.539494077741387912e-01 -2.737723315576086058e-01 -9.761074356497820848e-01 3.391671104886288124e-05
-7.635994881634193543e-02 -9.613964341102433364e-01 1.541863453822993058e-01 -2.716167229457204790e-01 -9.767196003984403019e-01 3.390269993969314795e-05
-7.635718080768125193e-02 -9.613969696724872227e-01 1.541865726321149932e-01 -2.716146510996386154e-01 -9.767201862636870624e-01 3.390268751492612218e-05
-7.491669862175179273e-02 -9.616750026224079040e-01 1.543047235948170059e-01 -2.705363227994668773e-01 -9.770244559386228600e-01 3.389649376942781978e-05
-6.770741223200882342e-02 -9.630462592633420860e-01 1.548927270171676918e-01 -2.651355780201873902e-01 -9.785287625732735917e-01 3.387374762574370853e-05
-5.616585645855611680e-02 -9.651715701639356215e-01 1.558226142848659068e-01 -2.564756038340347266e-01 -9.808729219041115721e-01 3.386662152891014329e-05
-1.391790493096735970e+00 3.195373316123275020e-01 -1.221122353069957062e-01 -9.499288909105361167e-01 2.988270295409700128e-01 7.408308492438727244e-06
-1.391789856368216949e+00 3.195352207315477200e-01 -1.221118571834085009e-01 -9.499295853810428847e-01 2.988249198588396882e-01 7.408369930397387262e-06
-1.391460797179187026e+00 3.184452758815425888e-01 -1.219166000698501950e-01 -9.502875241346359081e-01 2.977354661214861031e-01 7.439741825288448278e-06
-1.391130483323504974e+00 3.173530794791646903e-01 -1.217209105317600959e-01 -9.506449042489616419e-01 2.966435066981897850e-01 7.470476364575328609e-06
-1.390800191237030914e+00 3.162628544174377887e-01 -1.215255451523822028e-01 -9.510003435704436070e-01 2.955532646057977830e-01 7.500456670243065594e-06
-1.390137113493675081e+00 3.140798738801248158e-01 -1.211342736209064935e-01 -9.517081564556449935e-01 2.933694929972420762e-01 7.558398298720004149e-06
-1.389804324234849009e+00 3.129871184992524258e-01 -1.209383673022154937e-01 -9.520605242254336353e-01 2.922759646894885766e-01 7.586361805972415160e-06
-1.389470914012407077e+00 3.118942240344337868e-01 -1.207424067898388020e-01 -9.524116365089674296e-01 2.911820471936584220e-01 7.613638202572722728e-06
-8.356629045484183227e-02 -9.599852198346910948e-01 1.535919437123952902e-01 -2.770073591846486938e-01 -9.751789158167042393e-01 3.394176664677439007e-05
-7.924056797147996378e-02 -9.608363821195670118e-01 1.539494077741387912e-01 -2.737723315576086058e-01 -9.761074356497820848e-01 3.391671104886288124e-05
-7.635994881634193543e-02 -9.613964341102433364e-01 1.541863453822993058e-01 -2.716167229457204790e-01 -9.767196003984403019e-01 3.390269993969314795e-05
-7.635718080768125193e-02 -9.613969696724872227e-01 1.541865726321149932e-01 -2.716146510996386154e-01 -9.767201862636870624e-01 3.390268751492612218e-05
-7.491669862175179273e-02 -9.616750026224079040e-01 1.543047235948170059e-01 -2.705363227994668773e-01 -9.770244559386228600e-01 3.389649376942781978e-05
-6.770741223200882342e-02 -9.630462592633420860e-01 1.548927270171676918e-01 -2.651355780201873902e-01 -9.785287625732735917e-01 3.387374762574370853e-05
-5.616585645855611680e-02 -9.651715701639356215e-01 1.558226142848659068e-01 -2.564756038340347266e-01 -9.808729219041115721e-01 3.386662152891014329e-05
