-9.004510152539563217e-01 1.476380141821417025e-01 5.996568887472374966e-03
-9.004509058011094247e-01 1.476357930280625952e-01 5.995597188728920592e-03
-9.003936188733583368e-01 1.464888579723833129e-01 5.493891756373922575e-03
-9.003346686612297978e-01 1.453394524590914116e-01 4.991205111475031757e-03
-9.002742819351796655e-01 1.441920220302118916e-01 4.489481569721916372e-03
-9.001487325660644245e-01 1.418942051212833955e-01 3.485040308968759878e-03
-9.000835616374329717e-01 1.407438212914352005e-01 2.982324295012070935e-03
-9.000168311830750723e-01 1.395931971501269131e-01 2.479603102745270987e-03
4.914553205952785220e-01 -6.619807579327059432e-01 -2.606540178815058839e-01
4.949865736134643202e-01 -6.605337077212262153e-01 -2.597872791832150918e-01
4.973327948340959259e-01 -6.595637240719014471e-01 -2.592076385837125962e-01
4.973350472842545944e-01 -6.595627895697682153e-01 -2.592070806608304800e-01
4.985066966613864725e-01 -6.590758369436691133e-01 -2.589164904652165866e-01
5.043545218556289012e-01 -6.566197726526555867e-01 -2.574548225606604901e-01
5.136609752745330271e-01 -6.526222897051461302e-01 -2.550895115904224242e-01
-9.004510152539563217e-01 1.476380141821417025e-01 5.996568887472374966e-03
-9.004509058011094247e-01 1.476357930280625952e-01 5.995597188728920592e-03
-9.003936188733583368e-01 1.464888579723833129e-01 5.493891756373922575e-03
-9.003346686612297978e-01 1.453394524590914116e-01 4.991205111475031757e-03
-9.002742819351796655e-01 1.441920220302118916e-01 4.489481569721916372e-03
-9.001487325660644245e-01 1.418942051212833955e-01 3.485040308968759878e-03
-9.000835616374329717e-01 1.407438212914352005e-01 2.982324295012070935e-03
-9.000168311830750723e-01 1.395931971501269131e-01 2.479603102745270987e-03
4.914553205952785220e-01 -6.619807579327059432e-01 -2.606540178815058839e-01
4.949865736134643202e-01 -6.605337077212262153e-01 -2.597872791832150918e-01
4.973327948340959259e-01 -6.595637240719014471e-01 -2.592076385837125962e-01
4.973350472842545944e-01 -6.595627895697682153e-01 -2.592070806608304800e-01
4.985066966613864725e-01 -6.590758369436691133e-01 -2.589164904652165866e-01
5.043545218556289012e-01 -6.566197726526555867e-01 -2.574548225606604901e-01
5.136609752745330271e-01 -6.526222897051461302e-01 -2.550895115904224242e-01
