-6.381120421142222332e-01 4.643954460015385921e-01 3.062383024135058029e-01 -9.499288909105361167e-01 2.988270295409700128e-01 7.408308492438727244e-06
-6.381137494661359710e-01 4.643935217438350804e-01 3.062382704750096774e-01 -9.499295853810428847e-01 2.988249198588396882e-01 7.408369930397387262e-06
-6.389945892576316400e-01 4.633995028910893876e-01 3.062214483288474010e-01 -9.502875241346359081e-01 2.977354661214861031e-01 7.439741825288448278e-06
-6.398757574794806668e-01 4.624025592095942772e-01 3.062039293718645250e-01 -9.506449042489616419e-01 2.966435066981897850e-01 7.470476364575328609e-06
-6.407538460683407378e-01 4.614065475754962065e-01 3.061857816406640120e-01 -9.510003435704436070e-01 2.955532646057977830e-01 7.500456670243065594e-06
-6.425075870761842722e-01 4.594096182020380170e-01 3.061474630618032933e-01 -9.517081564556449935e-01 2.933694929972420762e-01 7.558398298720004149e-06
-6.433832314814508235e-01 4.584087017544705156e-01 3.061272902717259159e-01 -9.520605242254336353e-01 2.922759646894885766e-01 7.586361805972415160e-06
-6.442574902560970207e-01 4.574067975777739159e-01 3.061064541629818225e-01 -9.524116365089674296e-01 2.911820471936584220e-01 7.613638202572722728e-06
-5.189376259013859238e-01 -9.528548799537787106e-01 -1.109715389509892958e-01 -2.770073591846486938e-01 -9.751789158167042393e-01 3.394176664677439007e-05
-5.165584415480700686e-01 -9.544930343463244871e-01 -1.120946077426832055e-01 -2.737723315576086058e-01 -9.761074356497820848e-01 3.391671104886288124e-05
-5.149718092260006097e-01 -9.555789646380900004e-01 -1.128417967738697958e-01 -2.716167229457204790e-01 -9.767196003984403019e-01 3.390269993969314795e-05
-5.149702837472440731e-01 -9.555800062114055970e-01 -1.128425144874491970e-01 -2.716146510996386154e-01 -9.767201862636870624e-01 3.390268751492612218e-05
-5.141761917158953477e-01 -9.561215490199668210e-01 -1.132159461812716067e-01 -2.705363227994668773e-01 -9.770244559386228600e-01 3.389649376942781978e-05
-5.101951277448999456e-01 -9.588169977754344986e-01 -1.150828191997367994e-01 -2.651355780201873902e-01 -9.785287625732735917e-01 3.387374762574370853e-05
-5.037980673888218242e-01 -9.630808727934476732e-01 -1.180644290195971002e-01 -2.564756038340347266e-01 -9.808729219041115721e-01 3.386662152891014329e-05
-6.381120421142222332e-01 4.643954460015385921e-01 3.062383024135058029e-01 -9.499288909105361167e-01 2.988270295409700128e-01 7.408308492438727244e-06
-6.381137494661359710e-01 4.643935217438350804e-01 3.062382704750096774e-01 -9.499295853810428847e-01 2.988249198588396882e-01 7.408369930397387262e-06
-6.389945892576316400e-01 4.633995028910893876e-01 3.062214483288474010e-01 -9.502875241346359081e-01 2.977354661214861031e-01 7.439741825288448278e-06
-6.398757574794806668e-01 4.624025592095942772e-01 3.062039293718645250e-01 -9.506449042489616419e-01 2.966435066981897850e-01 7.470476364575328609e-06
-6.407538460683407378e-01 4.614065475754962065e-01 3.061857816406640120e-01 -9.510003435704436070e-01 2.955532646057977830e-01 7.500456670243065594e-06
-6.425075870761842722e-01 4.594096182020380170e-01 3.061474630618032933e-01 -9.517081564556449935e-01 2.933694929972420762e-01 7.558398298720004149e-06
-6.433832314814508235e-01 4.584087017544705156e-01 3.061272902717259159e-01 -9.520605242254336353e-01 2.922759646894885766e-01 7.586361805972415160e-06
-6.442574902560970207e-01 4.574067975777739159e-01 3.061064541629818225e-01 -9.524116365089674296e-01 2.911820471936584220e-01 7.613638202572722728e-06
-5.189376259013859238e-01 -9.528548799537787106e-01 -1.109715389509892958e-01 -2.770073591846486938e-01 -9.751789158167042393e-01 3.394176664677439007e-05
-5.165584415480700686e-01 -9.544930343463244871e-01 -1.120946077426832055e-01 -2.737723315576086058e-01 -9.761074356497820848e-01 3.391671104886288124e-05
-5.149718092260006097e-01 -9.555789646380900004e-01 -1.128417967738697958e-01 -2.716167229457204790e-01 -9.767196003984403019e-01 3.390269993969314795e-05
-5.149702837472440731e-01 -9.555800062114055970e-01 -1.128425144874491970e-01 -2.716146510996386154e-01 -9.767201862636870624e-01 3.390268751492612218e-05
-5.141761917158953477e-01 -9.561215490199668210e-01 -1.132159461812716067e-01 -2.705363227994668773e-01 -9.770244559386228600e-01 3.389649376942781978e-05
-5.101951277448999456e-01 -9.588169977754344986e-01 -1.150828191997367994e-01 -2.651355780201873902e-01 -9.785287625732735917e-01 3.387374762574370853e-05
-5.037980673888218242e-01 -9.630808727934476732e-01 -1.180644290195971002e-01 -2.564756038340347266e-01 -9.808729219041115721e-01 3.386662152891014329e-05
