-6.995386560421348321e-01 3.241530160767979729e-01 -3.588842206636175258e-02 -9.499288909105361167e-01 2.988270295409700128e-01 7.408308492438727244e-06
-6.995401035765406172e-01 3.241508580841628850e-01 -3.588908093951453243e-02 -9.499295853810428847e-01 2.988249198588396882e-01 7.408369930397387262e-06
-7.002864865172447884e-01 3.230361986684250897e-01 -3.622921389133709064e-02 -9.502875241346359081e-01 2.977354661214861031e-01 7.439741825288448278e-06
-7.010323179815705075e-01 3.219184613142446749e-01 -3.656990168250012774e-02 -9.506449042489616419e-01 2.966435066981897850e-01 7.470476364575328609e-06
-7.017747141230598062e-01 3.208019713500955827e-01 -3.690982628686041711e-02 -9.510003435704436070e-01 2.955532646057977830e-01 7.500456670243065594e-06
-7.032549582843609093e-01 3.185641034270599858e-01 -3.759001630184029968e-02 -9.517081564556449935e-01 2.933694929972420762e-01 7.558398298720004149e-06
-7.039927979014157788e-01 3.174427299657552881e-01 -3.793027954590885709e-02 -9.520605242254336353e-01 2.922759646894885766e-01 7.586361805972415160e-06
-7.047286367862140022e-01 3.163204566207377111e-01 -3.827043435524223741e-02 -9.524116365089674296e-01 2.911820471936584220e-01 7.613638202572722728e-06
-2.416618196626821868e-01 -1.002814920745130900e+00 -2.426025929192162922e-01 -2.770073591846486938e-01 -9.751789158167042393e-01 3.394176664677439007e-05
-2.388602433188667107e-01 -1.003799859224548952e+00 -2.423934435775781937e-01 -2.737723315576086058e-01 -9.761074356497820848e-01 3.391671104886288124e-05
-2.369936608405396050e-01 -1.004450190847111068e+00 -2.422528770866206882e-01 -2.716167229457204790e-01 -9.767196003984403019e-01 3.390269993969314795e-05
-2.369918668673036133e-01 -1.004450813617512983e+00 -2.422527415202768986e-01 -2.716146510996386154e-01 -9.767201862636870624e-01 3.390268751492612218e-05
-2.360581825034250014e-01 -1.004774349044458059e+00 -2.421820634043554132e-01 -2.705363227994668773e-01 -9.770244559386228600e-01 3.389649376942781978e-05
-2.313824812206473902e-01 -1.006376891694380049e+00 -2.418244725518275129e-01 -2.651355780201873902e-01 -9.785287625732735917e-01 3.387374762574370853e-05
-2.238871657827654904e-01 -1.008884705056267039e+00 -2.412386098346399055e-01 -2.564756038340347266e-01 -9.808729219041115721e-01 3.386662152891014329e-05
-6.995386560421348321e-01 3.241530160767979729e-01 -3.588842206636175258e-02 -9.499288909105361167e-01 2.988270295409700128e-01 7.408308492438727244e-06
-6.995401035765406172e-01 3.241508580841628850e-01 -3.588908093951453243e-02 -9.499295853810428847e-01 2.988249198588396882e-01 7.408369930397387262e-06
-7.002864865172447884e-01 3.230361986684250897e-01 -3.622921389133709064e-02 -9.502875241346359081e-01 2.977354661214861031e-01 7.439741825288448278e-06
-7.010323179815705075e-01 3.219184613142446749e-01 -3.656990168250012774e-02 -9.506449042489616419e-01 2.966435066981897850e-01 7.470476364575328609e-06
-7.017747141230598062e-01 3.208019713500955827e-01 -3.690982628686041711e-02 -9.510003435704436070e-01 2.955532646057977830e-01 7.500456670243065594e-06
-7.032549582843609093e-01 3.185641034270599858e-01 -3.759001630184029968e-02 -9.517081564556449935e-01 2.933694929972420762e-01 7.558398298720004149e-06
-7.039927979014157788e-01 3.174427299657552881e-01 -3.793027954590885709e-02 -9.520605242254336353e-01 2.922759646894885766e-01 7.586361805972415160e-06
-7.047286367862140022e-01 3.163204566207377111e-01 -3.827043435524223741e-02 -9.524116365089674296e-01 2.911820471936584220e-01 7.613638202572722728e-06
-2.416618196626821868e-01 -1.002814920745130900e+00 -2.426025929192162922e-01 -2.770073591846486938e-01 -9.751789158167042393e-01 3.394176664677439007e-05
-2.388602433188667107e-01 -1.003799859224548952e+00 -2.423934435775781937e-01 -2.737723315576086058e-01 -9.761074356497820848e-01 3.391671104886288124e-05
-2.369936608405396050e-01 -1.004450190847111068e+00 -2.422528770866206882e-01 -2.716167229457204790e-01 -9.767196003984403019e-01 3.390269993969314795e-05
-2.369918668673036133e-01 -1.004450813617512983e+00 -2.422527415202768986e-01 -2.716146510996386154e-01 -9.767201862636870624e-01 3.390268751492612218e-05
-2.360581825034250014e-01 -1.004774349044458059e+00 -2.421820634043554132e-01 -2.705363227994668773e-01 -9.770244559386228600e-01 3.389649376942781978e-05
-2.313824812206473902e-01 -1.006376891694380049e+00 -2.418244725518275129e-01 -2.651355780201873902e-01 -9.785287625732735917e-01 3.387374762574370853e-05
-2.238871657827654904e-01 -1.008884705056267039e+00 -2.412386098346399055e-01 -2.564756038340347266e-01 -9.808729219041115721e-01 3.386662152891014329e-05
