-1.038048081635988940e+00 3.210091044928882753e-01 3.196006914063815874e-01
-1.038048282610013917e+00 3.210069592728084786e-01 3.196006916997570224e-01
-1.038151581731896034e+00 3.198992114918915997e-01 3.196006990524621894e-01
-1.038254146961322899e+00 3.187890316547227765e-01 3.196004177874640084e-01
-1.038355581135510963e+00 3.176807127003786202e-01 3.195998488256784897e-01
-1.038555843239477916e+00 3.154610754713946252e-01 3.195978438545926115e-01
-1.038654666288022943e+00 3.143497577753022187e-01 3.195964063948685818e-01
-1.038752551304573890e+00 3.132381574412463898e-01 3.195946791903880868e-01
-1.560387663731508112e-01 -9.618890376555372379e-01 1.863455917463916964e-02
-1.524914391298156924e-01 -9.626719868057561635e-01 1.754657630338491911e-02
-1.501285705202939080e-01 -9.631865736452457361e-01 1.682206678758640939e-02
-1.501262997897037099e-01 -9.631870655027465755e-01 1.682137060421709171e-02
-1.489445424916195915e-01 -9.634423496899736650e-01 1.645907499619241043e-02
-1.430283016652250938e-01 -9.646996001375939267e-01 1.464589313760191955e-02
-1.335505339651134049e-01 -9.666417436440480904e-01 1.174320495752368028e-02
-1.038048081635988940e+00 3.210091044928882753e-01 3.196006914063815874e-01
-1.038048282610013917e+00 3.210069592728084786e-01 3.196006916997570224e-01
-1.038151581731896034e+00 3.198992114918915997e-01 3.196006990524621894e-01
-1.038254146961322899e+00 3.187890316547227765e-01 3.196004177874640084e-01
-1.038355581135510963e+00 3.176807127003786202e-01 3.195998488256784897e-01
-1.038555843239477916e+00 3.154610754713946252e-01 3.195978438545926115e-01
-1.038654666288022943e+00 3.143497577753022187e-01 3.195964063948685818e-01
-1.038752551304573890e+00 3.132381574412463898e-01 3.195946791903880868e-01
-1.560387663731508112e-01 -9.618890376555372379e-01 1.863455917463916964e-02
-1.524914391298156924e-01 -9.626719868057561635e-01 1.754657630338491911e-02
-1.501285705202939080e-01 -9.631865736452457361e-01 1.682206678758640939e-02
-1.501262997897037099e-01 -9.631870655027465755e-01 1.682137060421709171e-02
-1.489445424916195915e-01 -9.634423496899736650e-01 1.645907499619241043e-02
-1.430283016652250938e-01 -9.646996001375939267e-01 1.464589313760191955e-02
-1.335505339651134049e-01 -9.666417436440480904e-01 1.174320495752368028e-02
