-5.339574979911354546e-01 9.048084564870472191e-01 3.632846943725037137e-01 -2.864670220460818761e-01 9.447236277434601925e-01 -1.278885098499283075e-05
-7.795850119999857553e-01 6.325301686620895536e-01 2.274635881438505924e-01 -6.556590911045822034e-01 7.415352044049569047e-01 -6.554651004907407592e-06
-7.795860287623411766e-01 6.325284473792817108e-01 2.274627640731688993e-01 -6.556607780403909125e-01 7.415337392415893847e-01 -6.554532481416269336e-06
-7.806351091519651009e-01 6.307477701068244791e-01 2.266104364449453012e-01 -6.574026830151853407e-01 7.400173167133166086e-01 -6.432969589441045585e-06
-7.816804450853334085e-01 6.289640658570919696e-01 2.257570163919503936e-01 -6.591410775466708394e-01 7.384969167987331939e-01 -6.313348782738757049e-06
-7.827220340290385048e-01 6.271773253987020791e-01 2.249025000102486960e-01 -6.608759659867228242e-01 7.369725353486505925e-01 -6.195744857985646727e-06
-7.847948885540343422e-01 6.235930847735131621e-01 2.231893915211826951e-01 -6.643367938235419379e-01 7.339104307042303432e-01 -5.966769015544633006e-06
-7.853109782467033728e-01 6.226947196226686465e-01 2.227602356311045029e-01 -6.652001894194126130e-01 7.331420725211436062e-01 -5.910870103376341918e-06
-7.858251389526256236e-01 6.217973128125428017e-01 2.223316264346026083e-01 -6.660610554118040483e-01 7.323741913656713898e-01 -5.855640880190006807e-06
-7.863393376397797008e-01 6.208974294506659497e-01 2.219019234634607984e-01 -6.669226862156226732e-01 7.316038485658052926e-01 -5.800877511933193210e-06
-7.868515928306698548e-01 6.199985355863710801e-01 2.214727818513584912e-01 -6.677817625764902454e-01 7.308340116888693005e-01 -5.746798209545121120e-06
-7.873638875017933136e-01 6.190971497989858907e-01 2.210425395945206095e-01 -6.686416111219317671e-01 7.300616996102438083e-01 -5.693200603063162971e-06
-7.878752272810413126e-01 6.181950129073447986e-01 2.206120279287197006e-01 -6.695005660076255305e-01 7.292884033417583733e-01 -5.640196885135991395e-06
-7.883846251755527446e-01 6.172938715371819596e-01 2.201820801727731036e-01 -6.703569682943587571e-01 7.285156215029777726e-01 -5.587894422449142388e-06
-7.883856031567018086e-01 6.172921391138472824e-01 2.201812536936139930e-01 -6.703586131653994640e-01 7.285141355224685755e-01 -5.587794493999236644e-06
-7.888940530919585914e-01 6.163902355673437361e-01 2.197510312027491086e-01 -6.712141342470029359e-01 7.277403615654125524e-01 -5.536097017854187736e-06
-7.894025221872500442e-01 6.154858501756845790e-01 2.193197138187422124e-01 -6.720704031939710443e-01 7.269641202504927291e-01 -5.484912728669495901e-06
-7.899090510266674192e-01 6.145824663364116702e-01 2.188889628973715029e-01 -6.729241213923919940e-01 7.261884018679209962e-01 -5.434444635393816357e-06
-7.899100311487398107e-01 6.145807159287063337e-01 2.188881283551085966e-01 -6.729257740148898437e-01 7.261868985005621724e-01 -5.434347490243528650e-06
-7.904156004019509130e-01 6.136765852465243531e-01 2.184571102056664105e-01 -6.737785947067076453e-01 7.254102025177281421e-01 -5.384502930589577397e-06
-7.909211870207767392e-01 6.127699564353367156e-01 2.180249901033174120e-01 -6.746321676555981917e-01 7.246310246170361014e-01 -5.335191418010016343e-06
-7.914248350306827273e-01 6.118643352132596691e-01 2.175934390177773903e-01 -6.754831917145163178e-01 7.238523781477388397e-01 -5.286608792558204077e-06
-7.914258095693303963e-01 6.118625804738081486e-01 2.175926029267163109e-01 -6.754848391157293186e-01 7.238508691119587279e-01 -5.286515314580103624e-06
-7.919284940622539626e-01 6.109562141163744631e-01 2.171607856192452890e-01 -6.763349623075998185e-01 7.230712478727081560e-01 -5.238571832835013138e-06
-7.929319417878055720e-01 6.091394935456523330e-01 2.162955175951118969e-01 -6.780341489977075309e-01 7.215075758326175981e-01 -5.144527486058504151e-06
-7.934326986578402741e-01 6.082291376043323927e-01 2.158620665273960071e-01 -6.788832067525971681e-01 7.207235231654355312e-01 -5.098437866384298954e-06
-7.954250470107265825e-01 6.045820431936181905e-01 2.141264520515804015e-01 -6.822687219032833594e-01 7.175791176201017363e-01 -4.920778368480497919e-06
-7.964149062312908534e-01 6.027549170764547881e-01 2.132574749377001977e-01 -6.839552172327095780e-01 7.160018545035176096e-01 -4.836001146855697751e-06
-7.974008513278644239e-01 6.009248474651530669e-01 2.123874531368422913e-01 -6.856380512192039589e-01 7.144207424284709784e-01 -4.753927600567897139e-06
-7.983838200353097214e-01 5.990900643463501485e-01 2.115155462010941123e-01 -6.873188376539228761e-01 7.128342539566419056e-01 -4.674500478859664037e-06
-8.189818587727575316e-01 5.580137598808123656e-01 1.920864934609007868e-01 -7.233275006933823637e-01 6.769950661798493918e-01 -3.613227835148677838e-06
-5.339574979911354546e-01 9.048084564870472191e-01 3.632846943725037137e-01 -2.864670220460818761e-01 9.447236277434601925e-01 -1.278885098499283075e-05
-7.795850119999857553e-01 6.325301686620895536e-01 2.274635881438505924e-01 -6.556590911045822034e-01 7.415352044049569047e-01 -6.554651004907407592e-06
-7.795860287623411766e-01 6.325284473792817108e-01 2.274627640731688993e-01 -6.556607780403909125e-01 7.415337392415893847e-01 -6.554532481416269336e-06
-7.806351091519651009e-01 6.307477701068244791e-01 2.266104364449453012e-01 -6.574026830151853407e-01 7.400173167133166086e-01 -6.432969589441045585e-06
-7.816804450853334085e-01 6.289640658570919696e-01 2.257570163919503936e-01 -6.591410775466708394e-01 7.384969167987331939e-01 -6.313348782738757049e-06
-7.827220340290385048e-01 6.271773253987020791e-01 2.249025000102486960e-01 -6.608759659867228242e-01 7.369725353486505925e-01 -6.195744857985646727e-06
-7.847948885540343422e-01 6.235930847735131621e-01 2.231893915211826951e-01 -6.643367938235419379e-01 7.339104307042303432e-01 -5.966769015544633006e-06
-7.853109782467033728e-01 6.226947196226686465e-01 2.227602356311045029e-01 -6.652001894194126130e-01 7.331420725211436062e-01 -5.910870103376341918e-06
-7.858251389526256236e-01 6.217973128125428017e-01 2.223316264346026083e-01 -6.660610554118040483e-01 7.323741913656713898e-01 -5.855640880190006807e-06
-7.863393376397797008e-01 6.208974294506659497e-01 2.219019234634607984e-01 -6.669226862156226732e-01 7.316038485658052926e-01 -5.800877511933193210e-06
-7.868515928306698548e-01 6.199985355863710801e-01 2.214727818513584912e-01 -6.677817625764902454e-01 7.308340116888693005e-01 -5.746798209545121120e-06
-7.873638875017933136e-01 6.190971497989858907e-01 2.210425395945206095e-01 -6.686416111219317671e-01 7.300616996102438083e-01 -5.693200603063162971e-06
-7.878752272810413126e-01 6.181950129073447986e-01 2.206120279287197006e-01 -6.695005660076255305e-01 7.292884033417583733e-01 -5.640196885135991395e-06
-7.883846251755527446e-01 6.172938715371819596e-01 2.201820801727731036e-01 -6.703569682943587571e-01 7.285156215029777726e-01 -5.587894422449142388e-06
-7.883856031567018086e-01 6.172921391138472824e-01 2.201812536936139930e-01 -6.703586131653994640e-01 7.285141355224685755e-01 -5.587794493999236644e-06
-7.888940530919585914e-01 6.163902355673437361e-01 2.197510312027491086e-01 -6.712141342470029359e-01 7.277403615654125524e-01 -5.536097017854187736e-06
-7.894025221872500442e-01 6.154858501756845790e-01 2.193197138187422124e-01 -6.720704031939710443e-01 7.269641202504927291e-01 -5.484912728669495901e-06
-7.899090510266674192e-01 6.145824663364116702e-01 2.188889628973715029e-01 -6.729241213923919940e-01 7.261884018679209962e-01 -5.434444635393816357e-06
-7.899100311487398107e-01 6.145807159287063337e-01 2.188881283551085966e-01 -6.729257740148898437e-01 7.261868985005621724e-01 -5.434347490243528650e-06
-7.904156004019509130e-01 6.136765852465243531e-01 2.184571102056664105e-01 -6.737785947067076453e-01 7.254102025177281421e-01 -5.384502930589577397e-06
-7.909211870207767392e-01 6.127699564353367156e-01 2.180249901033174120e-01 -6.746321676555981917e-01 7.246310246170361014e-01 -5.335191418010016343e-06
-7.914248350306827273e-01 6.118643352132596691e-01 2.175934390177773903e-01 -6.754831917145163178e-01 7.238523781477388397e-01 -5.286608792558204077e-06
-7.914258095693303963e-01 6.118625804738081486e-01 2.175926029267163109e-01 -6.754848391157293186e-01 7.238508691119587279e-01 -5.286515314580103624e-06
-7.919284940622539626e-01 6.109562141163744631e-01 2.171607856192452890e-01 -6.763349623075998185e-01 7.230712478727081560e-01 -5.238571832835013138e-06
-7.929319417878055720e-01 6.091394935456523330e-01 2.162955175951118969e-01 -6.780341489977075309e-01 7.215075758326175981e-01 -5.144527486058504151e-06
-7.934326986578402741e-01 6.082291376043323927e-01 2.158620665273960071e-01 -6.788832067525971681e-01 7.207235231654355312e-01 -5.098437866384298954e-06
-7.954250470107265825e-01 6.045820431936181905e-01 2.141264520515804015e-01 -6.822687219032833594e-01 7.175791176201017363e-01 -4.920778368480497919e-06
-7.964149062312908534e-01 6.027549170764547881e-01 2.132574749377001977e-01 -6.839552172327095780e-01 7.160018545035176096e-01 -4.836001146855697751e-06
-7.974008513278644239e-01 6.009248474651530669e-01 2.123874531368422913e-01 -6.856380512192039589e-01 7.144207424284709784e-01 -4.753927600567897139e-06
-7.983838200353097214e-01 5.990900643463501485e-01 2.115155462010941123e-01 -6.873188376539228761e-01 7.128342539566419056e-01 -4.674500478859664037e-06
-8.189818587727575316e-01 5.580137598808123656e-01 1.920864934609007868e-01 -7.233275006933823637e-01 6.769950661798493918e-01 -3.613227835148677838e-06
