-1.052786121352401905e+00 7.730956196134668168e-02 1.590161029179192054e-02 -9.881646846735037126e-01 -1.674971192995713121e-01 1.974899903793415106e-05
-1.052385407199528000e+00 7.452610190505987164e-02 1.596189186354866896e-02 -9.878124751177150831e-01 -1.697481185445834095e-01 1.980647357673943846e-05
-1.051980015284367020e+00 7.174231986471089895e-02 1.602210224651784073e-02 -9.874551803721954846e-01 -1.719982339752683109e-01 1.986113173919660008e-05
-1.051569939517924990e+00 6.895822772966762881e-02 1.608224105134938020e-02 -9.870928024047374016e-01 -1.742474549504315073e-01 1.991298898606564107e-05
-1.051569540512526935e+00 6.895553406109046490e-02 1.608229919898265109e-02 -9.870924493546856526e-01 -1.742496305650129973e-01 1.991303780590547102e-05
-1.051362942662720013e+00 6.756472219977341376e-02 1.611231254656508849e-02 -9.869095300731703935e-01 -1.753728142742911056e-01 1.993789673685444889e-05
-1.051154770308466047e+00 6.617114348236088905e-02 1.614236596616576078e-02 -9.867249852130609566e-01 -1.764979455465605085e-01 1.996211020163377113e-05
-1.050945827526025944e+00 6.478018718137124043e-02 1.617234321823901935e-02 -9.865395284958221600e-01 -1.776206731293165086e-01 1.998558742604033872e-05
-1.050735304200872910e+00 6.338646674817195736e-02 1.620236037476089144e-02 -9.863524417754733209e-01 -1.787453447176317045e-01 2.000842239213154131e-05
-1.050524013502716958e+00 6.199537200075151688e-02 1.623230133651398094e-02 -9.861644485993669162e-01 -1.798676108403083063e-01 2.003053003949938874e-05
-1.050097494656385910e+00 5.921028870620648199e-02 1.629218651077977975e-02 -9.857842923407387214e-01 -1.821136167019193064e-01 2.007275113529379909e-05
-1.050097082974289053e+00 5.920761515048578172e-02 1.629224396002054015e-02 -9.857839249866040543e-01 -1.821157722154896075e-01 2.007279036552466915e-05
-1.049665848887973096e+00 5.642227559316981972e-02 1.635205572879575020e-02 -9.853986894524736639e-01 -1.843608345939544979e-01 2.011231688273010148e-05
-1.049229898232656000e+00 5.363669215640305687e-02 1.641179377115390900e-02 -9.850083814723890052e-01 -1.866049436475198942e-01 2.014918377497792150e-05
-1.052786121352401905e+00 7.730956196134668168e-02 1.590161029179192054e-02 -9.881646846735037126e-01 -1.674971192995713121e-01 1.974899903793415106e-05
-1.052385407199528000e+00 7.452610190505987164e-02 1.596189186354866896e-02 -9.878124751177150831e-01 -1.697481185445834095e-01 1.980647357673943846e-05
-1.051980015284367020e+00 7.174231986471089895e-02 1.602210224651784073e-02 -9.874551803721954846e-01 -1.719982339752683109e-01 1.986113173919660008e-05
-1.051569939517924990e+00 6.895822772966762881e-02 1.608224105134938020e-02 -9.870928024047374016e-01 -1.742474549504315073e-01 1.991298898606564107e-05
-1.051569540512526935e+00 6.895553406109046490e-02 1.608229919898265109e-02 -9.870924493546856526e-01 -1.742496305650129973e-01 1.991303780590547102e-05
-1.051362942662720013e+00 6.756472219977341376e-02 1.611231254656508849e-02 -9.869095300731703935e-01 -1.753728142742911056e-01 1.993789673685444889e-05
-1.051154770308466047e+00 6.617114348236088905e-02 1.614236596616576078e-02 -9.867249852130609566e-01 -1.764979455465605085e-01 1.996211020163377113e-05
-1.050945827526025944e+00 6.478018718137124043e-02 1.617234321823901935e-02 -9.865395284958221600e-01 -1.776206731293165086e-01 1.998558742604033872e-05
-1.050735304200872910e+00 6.338646674817195736e-02 1.620236037476089144e-02 -9.863524417754733209e-01 -1.787453447176317045e-01 2.000842239213154131e-05
-1.050524013502716958e+00 6.199537200075151688e-02 1.623230133651398094e-02 -9.861644485993669162e-01 -1.798676108403083063e-01 2.003053003949938874e-05
-1.050097494656385910e+00 5.921028870620648199e-02 1.629218651077977975e-02 -9.857842923407387214e-01 -1.821136167019193064e-01 2.007275113529379909e-05
-1.050097082974289053e+00 5.920761515048578172e-02 1.629224396002054015e-02 -9.857839249866040543e-01 -1.821157722154896075e-01 2.007279036552466915e-05
-1.049665848887973096e+00 5.642227559316981972e-02 1.635205572879575020e-02 -9.853986894524736639e-01 -1.843608345939544979e-01 2.011231688273010148e-05
-1.049229898232656000e+00 5.363669215640305687e-02 1.641179377115390900e-02 -9.850083814723890052e-01 -1.866049436475198942e-01 2.014918377497792150e-05
