-1.264490376164622010e+00 -8.557874210569342832e-01 3.301906493698666956e-02 -9.535274116387248977e-01 2.876768308535120888e-01 7.696387226107118064e-06
-1.253076810944329988e+00 -8.680080304556424542e-01 3.315803598378771339e-02 -9.611568898795997962e-01 2.624045903468832930e-01 8.096400335413630060e-06
-1.251067487869000905e+00 -8.701157692338215011e-01 3.318154514397821109e-02 -9.624152788800237612e-01 2.579909089832518876e-01 8.134025658417726233e-06
-1.227955827635589081e+00 -8.934742712313843427e-01 3.343256610027924708e-02 -9.751699988262143570e-01 2.079712088072747100e-01 8.087301818155197698e-06
-1.217921111019500957e+00 -9.031361666923808373e-01 3.353104268185590209e-02 -9.797754044527244854e-01 1.866744576272746092e-01 7.917280026589033231e-06
-1.264490376164622010e+00 -8.557874210569342832e-01 3.301906493698666956e-02 -9.535274116387248977e-01 2.876768308535120888e-01 7.696387226107118064e-06
-1.253076810944329988e+00 -8.680080304556424542e-01 3.315803598378771339e-02 -9.611568898795997962e-01 2.624045903468832930e-01 8.096400335413630060e-06
-1.251067487869000905e+00 -8.701157692338215011e-01 3.318154514397821109e-02 -9.624152788800237612e-01 2.579909089832518876e-01 8.134025658417726233e-06
-1.227955827635589081e+00 -8.934742712313843427e-01 3.343256610027924708e-02 -9.751699988262143570e-01 2.079712088072747100e-01 8.087301818155197698e-06
-1.217921111019500957e+00 -9.031361666923808373e-01 3.353104268185590209e-02 -9.797754044527244854e-01 1.866744576272746092e-01 7.917280026589033231e-06
