-9.947500662867487797e-01 -1.499397968154317085e-01 2.934000298067044876e-01 -9.881246034375142928e-01 -1.677549745136245885e-01 1.975572491966537899e-05
-9.940935637572059225e-01 -1.522198294366675919e-01 2.931389142669741932e-01 -9.877718113666695832e-01 -1.700058730713115973e-01 1.981287621676815108e-05
-9.934325554922803780e-01 -1.544991584082993086e-01 2.928764646280406780e-01 -9.874139343314790596e-01 -1.722558865985276133e-01 1.986721273902200069e-05
-9.927670398321031264e-01 -1.567777726221167012e-01 2.926126807018363807e-01 -9.870509742994370006e-01 -1.745050044501078867e-01 1.991875032773971017e-05
-9.924316188711725939e-01 -1.579201138970164897e-01 2.924799035826445848e-01 -9.868670546652896780e-01 -1.756324867776362930e-01 1.994354612361949052e-05
-9.920970100637006572e-01 -1.590556781649705986e-01 2.923475603004089818e-01 -9.866829304324177263e-01 -1.767532329528140878e-01 1.996750845756436907e-05
-9.917593325215818822e-01 -1.601976340352465056e-01 2.922141159557299916e-01 -9.864964664463641286e-01 -1.778802397876758923e-01 1.999091815282692024e-05
-9.914224747118263181e-01 -1.613328294577082989e-01 2.920811072612758963e-01 -9.863098102533029987e-01 -1.790005274418058900e-01 2.001350869357713944e-05
-9.914218250508102237e-01 -1.613350149613637097e-01 2.920808508489872724e-01 -9.863094496519038135e-01 -1.790026841992891915e-01 2.001355153282150852e-05
-9.910825347478068315e-01 -1.624744115473381878e-01 2.919469936103821772e-01 -9.861208001344613505e-01 -1.801270704178523085e-01 2.003554501978247951e-05
-9.904012239883017710e-01 -1.647504352615314915e-01 2.916785363898474204e-01 -9.857400576863036834e-01 -1.823729679613939059e-01 2.007745362848732047e-05
-9.904005678223244402e-01 -1.647526196749440064e-01 2.916782780535905895e-01 -9.857396897695880345e-01 -1.823751233703929109e-01 2.007749256042925994e-05
-9.900592075154905913e-01 -1.658870603267441901e-01 2.915439376625353907e-01 -9.855479701548712779e-01 -1.834944775124794925e-01 2.009737882794480047e-05
-9.897147382097558621e-01 -1.670278776613768890e-01 2.914084845286127878e-01 -9.853538682722463582e-01 -1.846200761894750964e-01 2.011671018758075949e-05
-9.893711265952361833e-01 -1.681619327360203975e-01 2.912734785005717808e-01 -9.851596196249141624e-01 -1.857389557725425133e-01 2.013526817712400077e-05
-9.890243925728526841e-01 -1.693023594392923104e-01 2.911373558421971874e-01 -9.849629745561417904e-01 -1.868640744363924133e-01 2.015327210497102020e-05
-9.886785289126014398e-01 -1.704360233376520928e-01 2.910016841119997255e-01 -9.847661978544097749e-01 -1.879824740902102109e-01 2.017051913129526837e-05
-9.883295294336462700e-01 -1.715760537893160076e-01 2.908648918640274750e-01 -9.845670105815959028e-01 -1.891071073498558075e-01 2.018721371125555906e-05
-9.879814130026112196e-01 -1.727093209077242009e-01 2.907285543705330211e-01 -9.843677068049864198e-01 -1.902250216979030073e-01 2.020316840462596086e-05
-9.876301473464450531e-01 -1.738489494626040133e-01 2.905910924743088097e-01 -9.841659783154198538e-01 -1.913491641357313033e-01 2.021857301493443023e-05
-9.869262448918255659e-01 -1.761210352010429969e-01 2.903159575613957766e-01 -9.837598797288921171e-01 -1.935902339864497002e-01 2.024739052032583899e-05
-9.862178206800560343e-01 -1.783922997264923982e-01 2.900394870231223221e-01 -9.833487168010812685e-01 -1.958303060700080922e-01 2.027370911174684089e-05
-9.847867052477417005e-01 -1.829345152855061940e-01 2.894822679994776271e-01 -9.825107958523292551e-01 -2.003095782402060099e-01 2.031905190071400853e-05
4.409400384814670115e-01 -9.266403871915975810e-01 -1.597774897708283959e-01 2.881729885157460758e-01 -9.719379705319829421e-01 3.449702981862118323e-05
4.431177789099753905e-01 -9.258864028835285254e-01 -1.604107616909545009e-01 2.903161173657787253e-01 -9.712906728138458456e-01 3.455946970244037290e-05
4.452934570406417158e-01 -9.251281808251686778e-01 -1.610432947851944130e-01 2.924577878102090911e-01 -9.706385544190490045e-01 3.462316549720908718e-05
4.474671143507615856e-01 -9.243657116147496744e-01 -1.616751012541068899e-01 2.945980369207136240e-01 -9.699816033038991536e-01 3.468804342633775221e-05
4.496386773201153098e-01 -9.235990261567876836e-01 -1.623061598715757059e-01 2.967367885021445773e-01 -9.693198421793628450e-01 3.475402394886560213e-05
4.507247409902458979e-01 -9.232137246518609119e-01 -1.626217189493615045e-01 2.978066532212699236e-01 -9.689868300887625185e-01 3.478743584421282976e-05
4.518081874368325979e-01 -9.228281149812841422e-01 -1.629364828395019060e-01 2.988740795641429138e-01 -9.686532589969261142e-01 3.482102868097934867e-05
4.528932125673759135e-01 -9.224407044206435202e-01 -1.632516705591348927e-01 2.999432009090907125e-01 -9.683178371428848852e-01 3.485492224205143249e-05
4.539756205468927774e-01 -9.220529917425270838e-01 -1.635660632827491134e-01 3.010098824332317902e-01 -9.679818616922292174e-01 3.488897503883991227e-05
4.550595868962116763e-01 -9.216634819688099833e-01 -1.638808738375484020e-01 3.020782384953333843e-01 -9.676440366887476552e-01 3.492330784941566178e-05
4.572238890357971930e-01 -9.208820534427573090e-01 -1.645093362071050891e-01 3.042117867351866178e-01 -9.669654215758736182e-01 3.499250841935961135e-05
4.583042085597667237e-01 -9.204901466023104328e-01 -1.648229834681655959e-01 3.052769613540162186e-01 -9.666246419842868809e-01 3.502735308897020035e-05
4.593860949352802092e-01 -9.200964326127415438e-01 -1.651370508268555914e-01 3.063438179480548751e-01 -9.662819999734294507e-01 3.506243613592899125e-05
4.604653644912055088e-01 -9.197024346150244334e-01 -1.654503237979610963e-01 3.074082304645178731e-01 -9.659388206387703457e-01 3.509761072607795178e-05
4.637041711962427981e-01 -9.185126517639079502e-01 -1.663902238068800110e-01 3.106032670310122090e-01 -9.649007552196752213e-01 3.520411373489168666e-05
4.658600426954360163e-01 -9.177145016434169467e-01 -1.670156827870457050e-01 3.127306778979075941e-01 -9.642029333270086822e-01 3.527568034254575192e-05
4.680137875921904222e-01 -9.169121909862273379e-01 -1.676403857851936907e-01 3.148565255397995921e-01 -9.635003179038906795e-01 3.534760670740129716e-05
4.701653821189176741e-01 -9.161057338750289158e-01 -1.682643260542855956e-01 3.169807823522309831e-01 -9.627929177049614484e-01 3.541979647016624906e-05
-9.947500662867487797e-01 -1.499397968154317085e-01 2.934000298067044876e-01 -9.881246034375142928e-01 -1.677549745136245885e-01 1.975572491966537899e-05
-9.940935637572059225e-01 -1.522198294366675919e-01 2.931389142669741932e-01 -9.877718113666695832e-01 -1.700058730713115973e-01 1.981287621676815108e-05
-9.934325554922803780e-01 -1.544991584082993086e-01 2.928764646280406780e-01 -9.874139343314790596e-01 -1.722558865985276133e-01 1.986721273902200069e-05
-9.927670398321031264e-01 -1.567777726221167012e-01 2.926126807018363807e-01 -9.870509742994370006e-01 -1.745050044501078867e-01 1.991875032773971017e-05
-9.924316188711725939e-01 -1.579201138970164897e-01 2.924799035826445848e-01 -9.868670546652896780e-01 -1.756324867776362930e-01 1.994354612361949052e-05
-9.920970100637006572e-01 -1.590556781649705986e-01 2.923475603004089818e-01 -9.866829304324177263e-01 -1.767532329528140878e-01 1.996750845756436907e-05
-9.917593325215818822e-01 -1.601976340352465056e-01 2.922141159557299916e-01 -9.864964664463641286e-01 -1.778802397876758923e-01 1.999091815282692024e-05
-9.914224747118263181e-01 -1.613328294577082989e-01 2.920811072612758963e-01 -9.863098102533029987e-01 -1.790005274418058900e-01 2.001350869357713944e-05
-9.914218250508102237e-01 -1.613350149613637097e-01 2.920808508489872724e-01 -9.863094496519038135e-01 -1.790026841992891915e-01 2.001355153282150852e-05
-9.910825347478068315e-01 -1.624744115473381878e-01 2.919469936103821772e-01 -9.861208001344613505e-01 -1.801270704178523085e-01 2.003554501978247951e-05
-9.904012239883017710e-01 -1.647504352615314915e-01 2.916785363898474204e-01 -9.857400576863036834e-01 -1.823729679613939059e-01 2.007745362848732047e-05
-9.904005678223244402e-01 -1.647526196749440064e-01 2.916782780535905895e-01 -9.857396897695880345e-01 -1.823751233703929109e-01 2.007749256042925994e-05
-9.900592075154905913e-01 -1.658870603267441901e-01 2.915439376625353907e-01 -9.855479701548712779e-01 -1.834944775124794925e-01 2.009737882794480047e-05
-9.897147382097558621e-01 -1.670278776613768890e-01 2.914084845286127878e-01 -9.853538682722463582e-01 -1.846200761894750964e-01 2.011671018758075949e-05
-9.893711265952361833e-01 -1.681619327360203975e-01 2.912734785005717808e-01 -9.851596196249141624e-01 -1.857389557725425133e-01 2.013526817712400077e-05
-9.890243925728526841e-01 -1.693023594392923104e-01 2.911373558421971874e-01 -9.849629745561417904e-01 -1.868640744363924133e-01 2.015327210497102020e-05
-9.886785289126014398e-01 -1.704360233376520928e-01 2.910016841119997255e-01 -9.847661978544097749e-01 -1.879824740902102109e-01 2.017051913129526837e-05
-9.883295294336462700e-01 -1.715760537893160076e-01 2.908648918640274750e-01 -9.845670105815959028e-01 -1.891071073498558075e-01 2.018721371125555906e-05
-9.879814130026112196e-01 -1.727093209077242009e-01 2.907285543705330211e-01 -9.843677068049864198e-01 -1.902250216979030073e-01 2.020316840462596086e-05
-9.876301473464450531e-01 -1.738489494626040133e-01 2.905910924743088097e-01 -9.841659783154198538e-01 -1.913491641357313033e-01 2.021857301493443023e-05
-9.869262448918255659e-01 -1.761210352010429969e-01 2.903159575613957766e-01 -9.837598797288921171e-01 -1.935902339864497002e-01 2.024739052032583899e-05
-9.862178206800560343e-01 -1.783922997264923982e-01 2.900394870231223221e-01 -9.833487168010812685e-01 -1.958303060700080922e-01 2.027370911174684089e-05
-9.847867052477417005e-01 -1.829345152855061940e-01 2.894822679994776271e-01 -9.825107958523292551e-01 -2.003095782402060099e-01 2.031905190071400853e-05
4.409400384814670115e-01 -9.266403871915975810e-01 -1.597774897708283959e-01 2.881729885157460758e-01 -9.719379705319829421e-01 3.449702981862118323e-05
4.431177789099753905e-01 -9.258864028835285254e-01 -1.604107616909545009e-01 2.903161173657787253e-01 -9.712906728138458456e-01 3.455946970244037290e-05
4.452934570406417158e-01 -9.251281808251686778e-01 -1.610432947851944130e-01 2.924577878102090911e-01 -9.706385544190490045e-01 3.462316549720908718e-05
4.474671143507615856e-01 -9.243657116147496744e-01 -1.616751012541068899e-01 2.945980369207136240e-01 -9.699816033038991536e-01 3.468804342633775221e-05
4.496386773201153098e-01 -9.235990261567876836e-01 -1.623061598715757059e-01 2.967367885021445773e-01 -9.693198421793628450e-01 3.475402394886560213e-05
4.507247409902458979e-01 -9.232137246518609119e-01 -1.626217189493615045e-01 2.978066532212699236e-01 -9.689868300887625185e-01 3.478743584421282976e-05
4.518081874368325979e-01 -9.228281149812841422e-01 -1.629364828395019060e-01 2.988740795641429138e-01 -9.686532589969261142e-01 3.482102868097934867e-05
4.528932125673759135e-01 -9.224407044206435202e-01 -1.632516705591348927e-01 2.999432009090907125e-01 -9.683178371428848852e-01 3.485492224205143249e-05
4.539756205468927774e-01 -9.220529917425270838e-01 -1.635660632827491134e-01 3.010098824332317902e-01 -9.679818616922292174e-01 3.488897503883991227e-05
4.550595868962116763e-01 -9.216634819688099833e-01 -1.638808738375484020e-01 3.020782384953333843e-01 -9.676440366887476552e-01 3.492330784941566178e-05
4.572238890357971930e-01 -9.208820534427573090e-01 -1.645093362071050891e-01 3.042117867351866178e-01 -9.669654215758736182e-01 3.499250841935961135e-05
4.583042085597667237e-01 -9.204901466023104328e-01 -1.648229834681655959e-01 3.052769613540162186e-01 -9.666246419842868809e-01 3.502735308897020035e-05
4.593860949352802092e-01 -9.200964326127415438e-01 -1.651370508268555914e-01 3.063438179480548751e-01 -9.662819999734294507e-01 3.506243613592899125e-05
4.604653644912055088e-01 -9.197024346150244334e-01 -1.654503237979610963e-01 3.074082304645178731e-01 -9.659388206387703457e-01 3.509761072607795178e-05
4.637041711962427981e-01 -9.185126517639079502e-01 -1.663902238068800110e-01 3.106032670310122090e-01 -9.649007552196752213e-01 3.520411373489168666e-05
4.658600426954360163e-01 -9.177145016434169467e-01 -1.670156827870457050e-01 3.127306778979075941e-01 -9.642029333270086822e-01 3.527568034254575192e-05
4.680137875921904222e-01 -9.169121909862273379e-01 -1.676403857851936907e-01 3.148565255397995921e-01 -9.635003179038906795e-01 3.534760670740129716e-05
4.701653821189176741e-01 -9.161057338750289158e-01 -1.682643260542855956e-01 3.169807823522309831e-01 -9.627929177049614484e-01 3.541979647016624906e-05
