-3.888184329294778196e-01 -9.350691995873887663e-01 -2.502796229821878105e-01 -4.462940644944651813e-01 -9.091333880622960439e-01 3.781617510020085737e-05
-3.879404903957188733e-01 -9.355742307625591891e-01 -2.502546645856529861e-01 -4.452878194139989199e-01 -9.096344858377015674e-01 3.781204039907144760e-05
-3.870637948615768265e-01 -9.360772261583389930e-01 -2.502294691778710889e-01 -4.442829610987565903e-01 -9.101334917348293807e-01 3.780725608203627190e-05
-3.861849647492668902e-01 -9.365801263613597882e-01 -2.502039396661985826e-01 -4.432756134960028072e-01 -9.106323306485762936e-01 3.780180853386195242e-05
-3.826687025909025763e-01 -9.385790933190110152e-01 -2.500990720774038945e-01 -4.392447150889610130e-01 -9.126144220508362048e-01 3.777360718791709129e-05
-3.800278353220896133e-01 -9.400666130120013397e-01 -2.500174616969395025e-01 -4.362168806988492853e-01 -9.140886028098570426e-01 3.774586603970895291e-05
-3.791455540799382740e-01 -9.405609511359152020e-01 -2.499896544365791951e-01 -4.352052316226637241e-01 -9.145783563547277284e-01 3.773537947795610833e-05
-3.756155928521596743e-01 -9.425256877958112511e-01 -2.498756950974428126e-01 -4.311572393926368929e-01 -9.165241021660061049e-01 3.768750519750127802e-05
-3.747329016805557855e-01 -9.430137232916563361e-01 -2.498465249885362116e-01 -4.301449013766597829e-01 -9.170072256750074757e-01 3.767409034088562287e-05
-3.747312050264169914e-01 -9.430146601108398974e-01 -2.498464686607650975e-01 -4.301429554810802247e-01 -9.170081529894532624e-01 3.767406401152364662e-05
-3.738480938077182181e-01 -9.435016246286394015e-01 -2.498170153544262972e-01 -4.291300916248834141e-01 -9.174901372794211918e-01 3.766007869094347278e-05
-3.729645511194696894e-01 -9.439875273849376303e-01 -2.497872790725551018e-01 -4.281166887850946789e-01 -9.179709913116105291e-01 3.764553064475363191e-05
-3.729628528570235746e-01 -9.439884600911024881e-01 -2.497872216578979898e-01 -4.281147408751765915e-01 -9.179719142498233841e-01 3.764550215135566288e-05
-3.720789057797220245e-01 -9.444732841454088756e-01 -2.497572028886027029e-01 -4.271008299015390808e-01 -9.184516207941985089e-01 3.763039773495203304e-05
-3.711928296439581110e-01 -9.449579746367252620e-01 -2.497268428964931064e-01 -4.260844323833262726e-01 -9.189311146221462723e-01 3.761471404962535222e-05
-3.703080512870762786e-01 -9.454406575042021421e-01 -2.496962591886507932e-01 -4.250694790411749802e-01 -9.194085414513852861e-01 3.759851893766265216e-05
-3.694211445508506220e-01 -9.459232023031673986e-01 -2.496653334266316915e-01 -4.240520395101757267e-01 -9.198857501630149924e-01 3.758175699683380670e-05
-3.667613795159199164e-01 -9.473625400158618426e-01 -2.495709822893878993e-01 -4.210005478925080147e-01 -9.213086784168219578e-01 3.752840205777154692e-05
6.004454400866420238e-01 -8.407710139017053885e-01 -8.503925284038389709e-02 6.893643828634576920e-01 -7.386083396746063734e-01 2.863093321270963865e-05
6.004468454439487735e-01 -8.407697465597577802e-01 -8.503878378232510027e-02 6.893659425801461627e-01 -7.386068549133287808e-01 2.863097390441561130e-05
6.019095029437835365e-01 -8.394475367410635380e-01 -8.454994043501277978e-02 6.909890790609860556e-01 -7.370582323877877817e-01 2.867393214826167999e-05
6.033693713728576213e-01 -8.381214551759008646e-01 -8.406070752980854266e-02 6.926087728006108390e-01 -7.355059143596027749e-01 2.871797453146100127e-05
6.048264419136710757e-01 -8.367915050696674850e-01 -8.357108702977886217e-02 6.942250146646997688e-01 -7.339499079979515672e-01 2.876302583569620132e-05
6.055546177040750377e-01 -8.361244451879012995e-01 -8.332589871701218120e-02 6.950326062552819595e-01 -7.331697812586461804e-01 2.878592763473297069e-05
6.062806947606732555e-01 -8.354576997384549619e-01 -8.308108460712439192e-02 6.958377833383643241e-01 -7.323902323206081810e-01 2.880900833695807851e-05
6.070074735247837916e-01 -8.347886964725045322e-01 -8.283570033139586730e-02 6.966436515197587109e-01 -7.316082541897969138e-01 2.883234699032191027e-05
-3.888184329294778196e-01 -9.350691995873887663e-01 -2.502796229821878105e-01 -4.462940644944651813e-01 -9.091333880622960439e-01 3.781617510020085737e-05
-3.879404903957188733e-01 -9.355742307625591891e-01 -2.502546645856529861e-01 -4.452878194139989199e-01 -9.096344858377015674e-01 3.781204039907144760e-05
-3.870637948615768265e-01 -9.360772261583389930e-01 -2.502294691778710889e-01 -4.442829610987565903e-01 -9.101334917348293807e-01 3.780725608203627190e-05
-3.861849647492668902e-01 -9.365801263613597882e-01 -2.502039396661985826e-01 -4.432756134960028072e-01 -9.106323306485762936e-01 3.780180853386195242e-05
-3.826687025909025763e-01 -9.385790933190110152e-01 -2.500990720774038945e-01 -4.392447150889610130e-01 -9.126144220508362048e-01 3.777360718791709129e-05
-3.800278353220896133e-01 -9.400666130120013397e-01 -2.500174616969395025e-01 -4.362168806988492853e-01 -9.140886028098570426e-01 3.774586603970895291e-05
-3.791455540799382740e-01 -9.405609511359152020e-01 -2.499896544365791951e-01 -4.352052316226637241e-01 -9.145783563547277284e-01 3.773537947795610833e-05
-3.756155928521596743e-01 -9.425256877958112511e-01 -2.498756950974428126e-01 -4.311572393926368929e-01 -9.165241021660061049e-01 3.768750519750127802e-05
-3.747329016805557855e-01 -9.430137232916563361e-01 -2.498465249885362116e-01 -4.301449013766597829e-01 -9.170072256750074757e-01 3.767409034088562287e-05
-3.747312050264169914e-01 -9.430146601108398974e-01 -2.498464686607650975e-01 -4.301429554810802247e-01 -9.170081529894532624e-01 3.767406401152364662e-05
-3.738480938077182181e-01 -9.435016246286394015e-01 -2.498170153544262972e-01 -4.291300916248834141e-01 -9.174901372794211918e-01 3.766007869094347278e-05
-3.729645511194696894e-01 -9.439875273849376303e-01 -2.497872790725551018e-01 -4.281166887850946789e-01 -9.179709913116105291e-01 3.764553064475363191e-05
-3.729628528570235746e-01 -9.439884600911024881e-01 -2.497872216578979898e-01 -4.281147408751765915e-01 -9.179719142498233841e-01 3.764550215135566288e-05
-3.720789057797220245e-01 -9.444732841454088756e-01 -2.497572028886027029e-01 -4.271008299015390808e-01 -9.184516207941985089e-01 3.763039773495203304e-05
-3.711928296439581110e-01 -9.449579746367252620e-01 -2.497268428964931064e-01 -4.260844323833262726e-01 -9.189311146221462723e-01 3.761471404962535222e-05
-3.703080512870762786e-01 -9.454406575042021421e-01 -2.496962591886507932e-01 -4.250694790411749802e-01 -9.194085414513852861e-01 3.759851893766265216e-05
-3.694211445508506220e-01 -9.459232023031673986e-01 -2.496653334266316915e-01 -4.240520395101757267e-01 -9.198857501630149924e-01 3.758175699683380670e-05
-3.667613795159199164e-01 -9.473625400158618426e-01 -2.495709822893878993e-01 -4.210005478925080147e-01 -9.213086784168219578e-01 3.752840205777154692e-05
6.004454400866420238e-01 -8.407710139017053885e-01 -8.503925284038389709e-02 6.893643828634576920e-01 -7.386083396746063734e-01 2.863093321270963865e-05
6.004468454439487735e-01 -8.407697465597577802e-01 -8.503878378232510027e-02 6.893659425801461627e-01 -7.386068549133287808e-01 2.863097390441561130e-05
6.019095029437835365e-01 -8.394475367410635380e-01 -8.454994043501277978e-02 6.909890790609860556e-01 -7.370582323877877817e-01 2.867393214826167999e-05
6.033693713728576213e-01 -8.381214551759008646e-01 -8.406070752980854266e-02 6.926087728006108390e-01 -7.355059143596027749e-01 2.871797453146100127e-05
6.048264419136710757e-01 -8.367915050696674850e-01 -8.357108702977886217e-02 6.942250146646997688e-01 -7.339499079979515672e-01 2.876302583569620132e-05
6.055546177040750377e-01 -8.361244451879012995e-01 -8.332589871701218120e-02 6.950326062552819595e-01 -7.331697812586461804e-01 2.878592763473297069e-05
6.062806947606732555e-01 -8.354576997384549619e-01 -8.308108460712439192e-02 6.958377833383643241e-01 -7.323902323206081810e-01 2.880900833695807851e-05
6.070074735247837916e-01 -8.347886964725045322e-01 -8.283570033139586730e-02 6.966436515197587109e-01 -7.316082541897969138e-01 2.883234699032191027e-05
