-1.312202756208600052e+00 -1.676084015746933942e-01 2.741534668415964923e-02 -9.891824123276953262e-01 -1.607953328331706011e-01 1.956125948318377132e-05
-1.313011211566651015e+00 -1.697398487709801951e-01 2.740261128357774148e-02 -9.888453427882651914e-01 -1.630488985942964986e-01 1.962717069334587848e-05
-1.313816722561736983e+00 -1.718709087929403967e-01 2.738981426070858163e-02 -9.885031821610195113e-01 -1.653016121268930105e-01 1.969023973866992842e-05
-1.314619294580881004e+00 -1.740015778073956132e-01 2.737695579492183118e-02 -9.881559324365678521e-01 -1.675534628277746130e-01 1.975047184158425947e-05
-1.315019860924182105e+00 -1.750677788805491131e-01 2.737049742477746031e-02 -9.879802320075168343e-01 -1.686801331612607091e-01 1.977955396768668950e-05
-1.315418933003623003e+00 -1.761318520024101053e-01 2.736403606510360090e-02 -9.878035955967794379e-01 -1.698044400813270016e-01 1.980787573681120153e-05
-1.315419699177341917e+00 -1.761338966841503872e-01 2.736402363394388124e-02 -9.878032549416380093e-01 -1.698066003950753911e-01 1.980792948432649004e-05
-1.315818039190999933e+00 -1.771978701510930065e-01 2.735754700267608100e-02 -9.876253472279661327e-01 -1.709306862916210867e-01 1.983554718496636986e-05
-1.316216406567223940e+00 -1.782637718838644136e-01 2.735104275995000125e-02 -9.874458280806183152e-01 -1.720566927175513905e-01 1.986251465323833103e-05
-1.316613285875041006e+00 -1.793275448200445932e-01 2.734453568170961898e-02 -9.872653809563207705e-01 -1.731803330055660117e-01 1.988873130202138090e-05
-1.317405612380704083e+00 -1.814568152288602021e-01 2.733146354191031899e-02 -9.869003324950086364e-01 -1.754290796638970917e-01 1.993912395057044967e-05
-1.318195024060847986e+00 -1.835856776384711952e-01 2.731833076048218942e-02 -9.865302038052964351e-01 -1.776769155970923941e-01 1.998674556753329048e-05
-1.318981526260905923e+00 -1.857141283310949076e-01 2.730513751414629861e-02 -9.861549968454618176e-01 -1.799238301185837052e-01 2.003161973661166050e-05
-1.318982279835819060e+00 -1.857161712522288066e-01 2.730512482083160067e-02 -9.861546342416707134e-01 -1.799259865071689002e-01 2.003166150012579931e-05
-1.312202756208600052e+00 -1.676084015746933942e-01 2.741534668415964923e-02 -9.891824123276953262e-01 -1.607953328331706011e-01 1.956125948318377132e-05
-1.313011211566651015e+00 -1.697398487709801951e-01 2.740261128357774148e-02 -9.888453427882651914e-01 -1.630488985942964986e-01 1.962717069334587848e-05
-1.313816722561736983e+00 -1.718709087929403967e-01 2.738981426070858163e-02 -9.885031821610195113e-01 -1.653016121268930105e-01 1.969023973866992842e-05
-1.314619294580881004e+00 -1.740015778073956132e-01 2.737695579492183118e-02 -9.881559324365678521e-01 -1.675534628277746130e-01 1.975047184158425947e-05
-1.315019860924182105e+00 -1.750677788805491131e-01 2.737049742477746031e-02 -9.879802320075168343e-01 -1.686801331612607091e-01 1.977955396768668950e-05
-1.315418933003623003e+00 -1.761318520024101053e-01 2.736403606510360090e-02 -9.878035955967794379e-01 -1.698044400813270016e-01 1.980787573681120153e-05
-1.315419699177341917e+00 -1.761338966841503872e-01 2.736402363394388124e-02 -9.878032549416380093e-01 -1.698066003950753911e-01 1.980792948432649004e-05
-1.315818039190999933e+00 -1.771978701510930065e-01 2.735754700267608100e-02 -9.876253472279661327e-01 -1.709306862916210867e-01 1.983554718496636986e-05
-1.316216406567223940e+00 -1.782637718838644136e-01 2.735104275995000125e-02 -9.874458280806183152e-01 -1.720566927175513905e-01 1.986251465323833103e-05
-1.316613285875041006e+00 -1.793275448200445932e-01 2.734453568170961898e-02 -9.872653809563207705e-01 -1.731803330055660117e-01 1.988873130202138090e-05
-1.317405612380704083e+00 -1.814568152288602021e-01 2.733146354191031899e-02 -9.869003324950086364e-01 -1.754290796638970917e-01 1.993912395057044967e-05
-1.318195024060847986e+00 -1.835856776384711952e-01 2.731833076048218942e-02 -9.865302038052964351e-01 -1.776769155970923941e-01 1.998674556753329048e-05
-1.318981526260905923e+00 -1.857141283310949076e-01 2.730513751414629861e-02 -9.861549968454618176e-01 -1.799238301185837052e-01 2.003161973661166050e-05
-1.318982279835819060e+00 -1.857161712522288066e-01 2.730512482083160067e-02 -9.861546342416707134e-01 -1.799259865071689002e-01 2.003166150012579931e-05
