-8.300475401140938736e-01 6.151459942201447095e-01 1.033449949899121062e-01 -5.726080775614884599e-01 8.008947079662498414e-01 2.260240614545286908e-05
-8.352017388594565883e-01 6.081061798748825797e-01 1.040713846162757000e-01 -5.803516432424818960e-01 7.953728700958306863e-01 1.478519772900694994e-05
-8.371668973612379494e-01 6.053859719716425669e-01 1.043486190029136035e-01 -5.833073940228373777e-01 7.932262542183221576e-01 -2.316659828402345980e-05
-8.375587773396880875e-01 6.048410960596080077e-01 1.044039223241180064e-01 -5.838397712852880783e-01 7.928467246820374292e-01 1.817397956308745071e-05
-8.383413841713517334e-01 6.037505119298309797e-01 1.045143852117382949e-01 -5.850700958308565625e-01 7.919514488542465092e-01 6.934846123089986022e-06
-8.414564108471663806e-01 5.993771151912421491e-01 1.049543163995284994e-01 -5.897663590575883408e-01 7.885038549234955063e-01 -2.307526945583884956e-06
-8.422313103763187092e-01 5.982810111060735681e-01 1.050638181174283065e-01 -5.909043906421704850e-01 7.876455491704428269e-01 -6.083068967279586114e-05
-8.468482006341425672e-01 5.916814021376719523e-01 1.057167722029910967e-01 -5.979010238776512054e-01 7.824415648228899567e-01 2.801726720786023859e-05
-9.287616364713595640e-01 4.484220113684123099e-01 1.175054432770378937e-01 -7.303870247150900941e-01 6.626748152358576949e-01 2.933564616505135946e-05
-9.332187041285361362e-01 4.386290452619374114e-01 1.181624525852525004e-01 -7.382492745960094194e-01 6.540797322802249791e-01 3.493219508666640239e-05
-9.359486636233932400e-01 4.324821710246131157e-01 1.185660297517378003e-01 -7.431278303975882293e-01 6.486315601430525657e-01 -2.283045296132792047e-05
-9.443948237904812304e-01 4.126799931194978788e-01 1.198207592692804024e-01 -7.583657246196552348e-01 6.311061309250948215e-01 -5.375280020541679056e-05
-9.451639137129247414e-01 4.108134325971842249e-01 1.199355063446533032e-01 -7.597940015310117312e-01 6.294280612995127866e-01 -3.372702740215947773e-05
-9.459290909055453334e-01 4.089451715523568232e-01 1.200497568657454966e-01 -7.612070227634006869e-01 6.277615204244749725e-01 -3.075211323441827951e-06
-9.514205057257908438e-01 3.951933535618382121e-01 1.208723730158473980e-01 -7.713917069928305503e-01 6.154747469193762033e-01 2.934537883052037039e-05
-9.540868132225109877e-01 3.882842437174663930e-01 1.212735944471601962e-01 -7.764027280496323957e-01 6.092761328315480229e-01 3.435045656431338229e-05
-9.559925685912126214e-01 3.832458287432882749e-01 1.215611490034795017e-01 -7.800321021098635121e-01 6.047234784495272297e-01 3.278863287857562139e-05
-9.571693603742417178e-01 3.800910742027345801e-01 1.217390514637160942e-01 -7.823001496557951961e-01 6.018466417036207883e-01 5.472869917667897100e-06
-9.578701456373889256e-01 3.781961184177650148e-01 1.218451200941645940e-01 -7.836339619586779603e-01 6.001501854930016977e-01 2.874347636396962157e-05
-9.583351296955661125e-01 3.769319430410638105e-01 1.219155518602977051e-01 -7.845332899677742722e-01 5.989865935312393974e-01 -3.557491004318692133e-05
-9.592597987615939514e-01 3.744015109207415870e-01 1.220557411730027048e-01 -7.862737330205177289e-01 5.967554476776278927e-01 1.684750153211149844e-05
-9.601773959799777547e-01 3.718683188896387271e-01 1.221950305671633957e-01 -7.880898784311977101e-01 5.943999337332799282e-01 -4.414575617597024068e-05
-9.633331845554174988e-01 3.629806770418633755e-01 1.226754400732741057e-01 -7.942701534498960436e-01 5.863126249038598248e-01 4.528289888293129379e-06
-9.691732378944767357e-01 3.457482965631943905e-01 1.235705934997843036e-01 -8.059298915887652681e-01 5.705489040611899654e-01 3.605884464688204992e-06
-9.698020468782110326e-01 3.438263039979536084e-01 1.236674946600477970e-01 -8.071957073466617949e-01 5.688011638077117293e-01 2.756321888813142957e-05
-9.702190149875603575e-01 3.425441817493458108e-01 1.237318100343141047e-01 -8.080474794534855398e-01 5.676056033456617911e-01 -3.737828764106545322e-05
-9.714591675166998064e-01 3.386940299265168153e-01 1.239233847416839063e-01 -8.105846402431372555e-01 5.640727376703374985e-01 2.099338330871270924e-05
-9.726831734083118963e-01 3.348382492398256916e-01 1.241128994773871980e-01 -8.130680338868201407e-01 5.605658012073033714e-01 2.489876016050057006e-05
-9.752796792445780349e-01 3.264650468122303195e-01 1.245164305707135016e-01 -8.185057569441949177e-01 5.527897399219606767e-01 2.706393526819072875e-05
-9.764523954444003229e-01 3.225918559382854878e-01 1.246993981500815057e-01 -8.209390116781891678e-01 5.492478828649216549e-01 1.802209122661718033e-05
-9.779907411903812076e-01 3.174192641807355164e-01 1.249401265519955034e-01 -8.242135702790882590e-01 5.444423722397471188e-01 2.528952395781028977e-05
-9.783708083069415640e-01 3.161246430453693024e-01 1.249997312834553037e-01 -8.250650841383889711e-01 5.431862243574472338e-01 1.185798104935262065e-05
-9.793130578831019672e-01 3.128855377434517915e-01 1.251477312906335015e-01 -8.270874677901111083e-01 5.401682392633301300e-01 -2.929498775839415890e-05
-9.802439850490342055e-01 3.096428153942584749e-01 1.252942842186562100e-01 -8.290792214545898986e-01 5.371718032149506161e-01 -5.657281652301537255e-05
-9.804288106241900724e-01 3.089938401076904873e-01 1.253234209772484120e-01 -8.294959552442071615e-01 5.365626362949047490e-01 2.666565172717858868e-05
-9.813461333987947288e-01 3.057468257527561906e-01 1.254682347517447893e-01 -8.315052894964837238e-01 5.335149147131529324e-01 -8.676775730004442191e-06
-9.818910791979561514e-01 3.037969173902123066e-01 1.255544264258345033e-01 -8.326946188825965489e-01 5.317070407161620382e-01 1.985617777717340872e-05
-9.824319356435227135e-01 3.018457439287883792e-01 1.256400951309969982e-01 -8.338694194137677984e-01 5.299079941426163565e-01 3.347264947076219880e-05
-9.833242679680693765e-01 2.985909984363930847e-01 1.257817129898471109e-01 -8.358633973307595388e-01 5.268346499989431386e-01 1.126027056290268994e-05
-9.866112355902201259e-01 2.861917685063747885e-01 1.263065667896446920e-01 -8.432637827676415787e-01 5.152106215716839577e-01 1.948303917754234057e-05
-9.876149730348425804e-01 2.822661819052735832e-01 1.264679253759790067e-01 -8.455344080446158816e-01 5.115659123780208484e-01 2.650377569700097967e-05
-9.892512394511621121e-01 2.757131047362141874e-01 1.267321649738895883e-01 -8.493763093238021478e-01 5.053305805900877301e-01 8.568981552705462220e-07
-9.902109869895793226e-01 2.717751034100996943e-01 1.268878885639211085e-01 -8.516116374585802618e-01 5.016537880646398939e-01 3.395756533018725882e-05
-9.906846614450779409e-01 2.698043971120283047e-01 1.269649558994344063e-01 -8.527185312390143102e-01 4.998132675984727769e-01 2.036336255513707062e-05
-9.922336879959295919e-01 2.632272866382320831e-01 1.272180157031619074e-01 -8.564768461059286686e-01 4.935244824940984154e-01 1.050384228638570958e-05
-9.964650868233400072e-01 2.440856572285761972e-01 1.279184404710929090e-01 -8.669807180476031272e-01 4.753327071368712020e-01 -5.279784850133724199e-05
-9.994153580720055441e-01 2.295003808025102010e-01 1.284164507951932044e-01 -8.747190933113611067e-01 4.613594973935061239e-01 -2.086157248015782129e-05
-1.000929757262505104e+00 2.215227811140554892e-01 1.286759068046395005e-01 -8.787945679512848551e-01 4.537714085032287237e-01 1.565857517252590119e-05
-1.002140477843219024e+00 2.148634107801382920e-01 1.288855272473765079e-01 -8.822131227148399812e-01 4.472984000590258802e-01 1.953489262626697894e-05
-1.002140477843219024e+00 2.148634107801382920e-01 1.288855272473765079e-01 -8.822131227148399812e-01 4.472984000590258802e-01 1.953489262626697894e-05
-1.002140477843219024e+00 2.148634107801382920e-01 1.288855272473765079e-01 -8.822131227148399812e-01 4.472984000590258802e-01 1.953489262626697894e-05
-8.300475401140938736e-01 6.151459942201447095e-01 1.033449949899121062e-01 -5.726080775614884599e-01 8.008947079662498414e-01 2.260240614545286908e-05
-8.352017388594565883e-01 6.081061798748825797e-01 1.040713846162757000e-01 -5.803516432424818960e-01 7.953728700958306863e-01 1.478519772900694994e-05
-8.371668973612379494e-01 6.053859719716425669e-01 1.043486190029136035e-01 -5.833073940228373777e-01 7.932262542183221576e-01 -2.316659828402345980e-05
-8.375587773396880875e-01 6.048410960596080077e-01 1.044039223241180064e-01 -5.838397712852880783e-01 7.928467246820374292e-01 1.817397956308745071e-05
-8.383413841713517334e-01 6.037505119298309797e-01 1.045143852117382949e-01 -5.850700958308565625e-01 7.919514488542465092e-01 6.934846123089986022e-06
-8.414564108471663806e-01 5.993771151912421491e-01 1.049543163995284994e-01 -5.897663590575883408e-01 7.885038549234955063e-01 -2.307526945583884956e-06
-8.422313103763187092e-01 5.982810111060735681e-01 1.050638181174283065e-01 -5.909043906421704850e-01 7.876455491704428269e-01 -6.083068967279586114e-05
-8.468482006341425672e-01 5.916814021376719523e-01 1.057167722029910967e-01 -5.979010238776512054e-01 7.824415648228899567e-01 2.801726720786023859e-05
-9.287616364713595640e-01 4.484220113684123099e-01 1.175054432770378937e-01 -7.303870247150900941e-01 6.626748152358576949e-01 2.933564616505135946e-05
-9.332187041285361362e-01 4.386290452619374114e-01 1.181624525852525004e-01 -7.382492745960094194e-01 6.540797322802249791e-01 3.493219508666640239e-05
-9.359486636233932400e-01 4.324821710246131157e-01 1.185660297517378003e-01 -7.431278303975882293e-01 6.486315601430525657e-01 -2.283045296132792047e-05
-9.443948237904812304e-01 4.126799931194978788e-01 1.198207592692804024e-01 -7.583657246196552348e-01 6.311061309250948215e-01 -5.375280020541679056e-05
-9.451639137129247414e-01 4.108134325971842249e-01 1.199355063446533032e-01 -7.597940015310117312e-01 6.294280612995127866e-01 -3.372702740215947773e-05
-9.459290909055453334e-01 4.089451715523568232e-01 1.200497568657454966e-01 -7.612070227634006869e-01 6.277615204244749725e-01 -3.075211323441827951e-06
-9.514205057257908438e-01 3.951933535618382121e-01 1.208723730158473980e-01 -7.713917069928305503e-01 6.154747469193762033e-01 2.934537883052037039e-05
-9.540868132225109877e-01 3.882842437174663930e-01 1.212735944471601962e-01 -7.764027280496323957e-01 6.092761328315480229e-01 3.435045656431338229e-05
-9.559925685912126214e-01 3.832458287432882749e-01 1.215611490034795017e-01 -7.800321021098635121e-01 6.047234784495272297e-01 3.278863287857562139e-05
-9.571693603742417178e-01 3.800910742027345801e-01 1.217390514637160942e-01 -7.823001496557951961e-01 6.018466417036207883e-01 5.472869917667897100e-06
-9.578701456373889256e-01 3.781961184177650148e-01 1.218451200941645940e-01 -7.836339619586779603e-01 6.001501854930016977e-01 2.874347636396962157e-05
-9.583351296955661125e-01 3.769319430410638105e-01 1.219155518602977051e-01 -7.845332899677742722e-01 5.989865935312393974e-01 -3.557491004318692133e-05
-9.592597987615939514e-01 3.744015109207415870e-01 1.220557411730027048e-01 -7.862737330205177289e-01 5.967554476776278927e-01 1.684750153211149844e-05
-9.601773959799777547e-01 3.718683188896387271e-01 1.221950305671633957e-01 -7.880898784311977101e-01 5.943999337332799282e-01 -4.414575617597024068e-05
-9.633331845554174988e-01 3.629806770418633755e-01 1.226754400732741057e-01 -7.942701534498960436e-01 5.863126249038598248e-01 4.528289888293129379e-06
-9.691732378944767357e-01 3.457482965631943905e-01 1.235705934997843036e-01 -8.059298915887652681e-01 5.705489040611899654e-01 3.605884464688204992e-06
-9.698020468782110326e-01 3.438263039979536084e-01 1.236674946600477970e-01 -8.071957073466617949e-01 5.688011638077117293e-01 2.756321888813142957e-05
-9.702190149875603575e-01 3.425441817493458108e-01 1.237318100343141047e-01 -8.080474794534855398e-01 5.676056033456617911e-01 -3.737828764106545322e-05
-9.714591675166998064e-01 3.386940299265168153e-01 1.239233847416839063e-01 -8.105846402431372555e-01 5.640727376703374985e-01 2.099338330871270924e-05
-9.726831734083118963e-01 3.348382492398256916e-01 1.241128994773871980e-01 -8.130680338868201407e-01 5.605658012073033714e-01 2.489876016050057006e-05
-9.752796792445780349e-01 3.264650468122303195e-01 1.245164305707135016e-01 -8.185057569441949177e-01 5.527897399219606767e-01 2.706393526819072875e-05
-9.764523954444003229e-01 3.225918559382854878e-01 1.246993981500815057e-01 -8.209390116781891678e-01 5.492478828649216549e-01 1.802209122661718033e-05
-9.779907411903812076e-01 3.174192641807355164e-01 1.249401265519955034e-01 -8.242135702790882590e-01 5.444423722397471188e-01 2.528952395781028977e-05
-9.783708083069415640e-01 3.161246430453693024e-01 1.249997312834553037e-01 -8.250650841383889711e-01 5.431862243574472338e-01 1.185798104935262065e-05
-9.793130578831019672e-01 3.128855377434517915e-01 1.251477312906335015e-01 -8.270874677901111083e-01 5.401682392633301300e-01 -2.929498775839415890e-05
-9.802439850490342055e-01 3.096428153942584749e-01 1.252942842186562100e-01 -8.290792214545898986e-01 5.371718032149506161e-01 -5.657281652301537255e-05
-9.804288106241900724e-01 3.089938401076904873e-01 1.253234209772484120e-01 -8.294959552442071615e-01 5.365626362949047490e-01 2.666565172717858868e-05
-9.813461333987947288e-01 3.057468257527561906e-01 1.254682347517447893e-01 -8.315052894964837238e-01 5.335149147131529324e-01 -8.676775730004442191e-06
-9.818910791979561514e-01 3.037969173902123066e-01 1.255544264258345033e-01 -8.326946188825965489e-01 5.317070407161620382e-01 1.985617777717340872e-05
-9.824319356435227135e-01 3.018457439287883792e-01 1.256400951309969982e-01 -8.338694194137677984e-01 5.299079941426163565e-01 3.347264947076219880e-05
-9.833242679680693765e-01 2.985909984363930847e-01 1.257817129898471109e-01 -8.358633973307595388e-01 5.268346499989431386e-01 1.126027056290268994e-05
-9.866112355902201259e-01 2.861917685063747885e-01 1.263065667896446920e-01 -8.432637827676415787e-01 5.152106215716839577e-01 1.948303917754234057e-05
-9.876149730348425804e-01 2.822661819052735832e-01 1.264679253759790067e-01 -8.455344080446158816e-01 5.115659123780208484e-01 2.650377569700097967e-05
-9.892512394511621121e-01 2.757131047362141874e-01 1.267321649738895883e-01 -8.493763093238021478e-01 5.053305805900877301e-01 8.568981552705462220e-07
-9.902109869895793226e-01 2.717751034100996943e-01 1.268878885639211085e-01 -8.516116374585802618e-01 5.016537880646398939e-01 3.395756533018725882e-05
-9.906846614450779409e-01 2.698043971120283047e-01 1.269649558994344063e-01 -8.527185312390143102e-01 4.998132675984727769e-01 2.036336255513707062e-05
-9.922336879959295919e-01 2.632272866382320831e-01 1.272180157031619074e-01 -8.564768461059286686e-01 4.935244824940984154e-01 1.050384228638570958e-05
-9.964650868233400072e-01 2.440856572285761972e-01 1.279184404710929090e-01 -8.669807180476031272e-01 4.753327071368712020e-01 -5.279784850133724199e-05
-9.994153580720055441e-01 2.295003808025102010e-01 1.284164507951932044e-01 -8.747190933113611067e-01 4.613594973935061239e-01 -2.086157248015782129e-05
-1.000929757262505104e+00 2.215227811140554892e-01 1.286759068046395005e-01 -8.787945679512848551e-01 4.537714085032287237e-01 1.565857517252590119e-05
-1.002140477843219024e+00 2.148634107801382920e-01 1.288855272473765079e-01 -8.822131227148399812e-01 4.472984000590258802e-01 1.953489262626697894e-05
-1.002140477843219024e+00 2.148634107801382920e-01 1.288855272473765079e-01 -8.822131227148399812e-01 4.472984000590258802e-01 1.953489262626697894e-05
-1.002140477843219024e+00 2.148634107801382920e-01 1.288855272473765079e-01 -8.822131227148399812e-01 4.472984000590258802e-01 1.953489262626697894e-05
