1.060578110966442916e-01
7.303695515695154961e-02
8.247886188965627974e-02
4.988186234794927953e-02
1.034528976699660291e-01
6.320372278483792072e-02
8.052721131185287817e-02
1.288079473758241555e-01
3.936793723006225265e-02
2.915698809828799754e-02
7.130872306854366127e-02
3.000147863102843940e-02
3.980546114469605407e-02
3.790902891247283774e-02
1.215285721638690308e+00
1.075173113083753851e+00
1.201927841814186104e+00
1.226530621971635648e+00
1.296219036886343101e+00
1.277257305595522530e+00
1.228792057091894652e+00
1.250484737498586352e+00
1.249333528724967668e-01
1.445035097189660001e-01
1.904927254320778196e-01
1.372392687730610294e-01
2.413672794883593431e-01
1.075173113083753712e-01
2.848610696707611822e+01
2.923028842842062502e+01
2.773531487709691135e+01
3.072084101302739967e+01
2.869677553848280027e+01
3.057969156996246340e+01
2.830304101736910738e+01
3.072084101302739967e+01
4.585989972181243601e+00
4.744965955374556010e+00
3.027144140097084435e+00
5.678493078469720068e+00
4.771260193023117324e+00
4.611403244123883916e+00
3.927742433272325684e+01
3.668960199780767084e+01
2.911675690976961306e+01
3.782187026806320773e+01
3.392680796989289860e+01
3.452574039158500341e+01
3.300220826432752119e+01
3.709735966615146907e+01
1.262824504664155079e+01
1.112097848712883952e+01
1.211554627268585271e+01
7.909390185093982062e+00
8.221347410582522386e+00
1.312632039699712294e+01
