2.848610696707611822e+01
2.923028842842062502e+01
2.773531487709691135e+01
3.072084101302739967e+01
2.869677553848280027e+01
3.057969156996246340e+01
2.830304101736910738e+01
3.072084101302739967e+01
4.585989972181243601e+00
4.744965955374556010e+00
3.027144140097084435e+00
5.678493078469720068e+00
4.771260193023117324e+00
4.611403244123883916e+00
3.927742433272325684e+01
3.668960199780767084e+01
2.911675690976961306e+01
3.782187026806320773e+01
3.392680796989289860e+01
3.452574039158500341e+01
3.300220826432752119e+01
3.709735966615146907e+01
1.262824504664155079e+01
1.112097848712883952e+01
1.211554627268585271e+01
7.909390185093982062e+00
8.221347410582522386e+00
1.312632039699712294e+01
