3.639427738099239917e+00
1.529794519612404313e+00
4.038621014594562020e+00
3.434259440472860803e+00
1.022899816637071524e+00
1.463636059932893030e+00
2.720402095817123556e+00
2.695461299488844276e+00
1.911758812304338306e+00
2.444742377774209885e+00
2.796617691957421936e+00
2.252335597378398280e+00
8.108546295304812190e+00
7.470385276559613708e+00
6.038693688010451588e+00
8.956596318572181303e+00
8.266906022517439112e+00
8.956596318572181303e+00
6.676410025746921661e+00
7.327283592405116508e+00
7.865801829655683086e+00
8.981378530897192292e+00
9.685967346974084791e+00
7.062248590683763538e+00
