1.117744803756256005e+02
8.581094003413058147e+01
1.095324140801471486e+02
9.348515653451198659e+01
1.074342260558215116e+02
1.187798191141180411e+02
1.117744803756256005e+02
8.589001123871162235e+01
1.047955061440689377e+02
1.168268480068715576e+02
8.764813097827713761e+01
9.118904333988861310e+01
1.205431842582806468e+02
6.239397571716217072e+01
5.151606228046458682e+02
5.607156265174972987e+02
4.861190713325526644e+02
4.304697712894517281e+02
5.261900839738301556e+02
5.898514611533084917e+02
4.829950274059106619e+02
3.176454651771932731e+02
6.828772737345282167e+02
6.285540941689196188e+02
2.316021888599005365e+02
4.536727140205442765e+02
8.285956701853961022e+02
5.099676878571487464e+02
