mjd
55285.777419
55285.909723
55286.042027
55286.174331
55286.240675
55286.306636
55286.372979
55286.43894
55286.439067
55286.505283
55286.637587
55286.637714
55286.703675
55286.770018
55286.835979
55286.902322
55286.968283
55287.034626
55287.100587
55287.16693
55287.299234
55287.431538
55287.696274
55386.15551
55386.287814
55386.420117
55386.552422
55386.684725
55386.750941
55386.817029
55386.883245
55386.949333
55387.015548
55387.147852
55387.21394
55387.280156
55387.346244
55387.544763
55387.677067
55387.809371
55387.941674
