5.459371642445149525e-02
3.335359565947495358e-02
3.384875189440668397e-02
4.924279094539971147e-02
1.906964725088299284e+00
7.439481353256571783e-02
4.532550583762406243e-02
5.325282598502181081e-02
3.283542633736370731e-02
4.511725405496917751e-02
7.085045760159083827e-02
4.646678869568447723e-02
1.688411865006238244e-01
2.013160476144502387e-01
1.211932398016310475e-01
2.352222475907008170e-01
1.337452587895644918e+00
1.510352766540662139e-01
1.405653879051517174e-01
2.315679203684143095e-01
1.250484737498586130e-01
1.187622441281471070e-01
7.397387948261525958e-02
1.273732984509173272e-01
