3.984214021802123806e-02
3.650418523806476384e-02
5.690398216456138414e-02
3.262440948927588374e-02
3.620284155468385390e-02
4.790078818316700210e-02
1.064492631509388748e-01
3.391116106295057747e-02
4.449822212242780795e-02
4.050817332619926353e-02
5.607156265174965959e-02
4.843314374544776396e-02
4.532550583762406243e-02
1.593465479944303986e+00
6.331088660482848685e-01
4.121719144092126363e-01
6.840351127670037945e-01
5.806018234050102089e-01
4.280341259049689762e-01
6.846654226123548570e-01
6.783883722878274458e-01
5.663415113195239270e-01
4.992043894763444345e-01
6.301999950377453752e-01
4.351894869805211230e-01
4.209964128738952760e-01
6.993239395065105057e-01
1.343625988548667660e+00
