7.549925384968514397e-02
3.907892959976726199e-02
5.043623499785874348e-02
4.785669023781330411e-02
7.640867339978699158e-02
5.175384961991998795e-02
6.648790665334178285e-02
7.117748845500806998e-02
6.473552278241490043e-02
1.177992863897262127e-01
7.704468068804823377e-02
4.759295379601812676e-02
6.624340681487608795e-02
4.599839301434896499e-02
5.986081970583516376e-02
4.997383281599699495e-02
1.263405198577546851e-01
8.620702533692010949e-02
4.179676405323542315e-02
7.290253995259253494e-02
6.384731811190763606e-02
3.958609472729120865e-02
6.426028680736418919e-02
7.033033070906177797e-02
7.591763310502315509e-02
9.961911049418817332e-02
8.134720947997779728e-02
3.416195053952348487e-02
1.636600424807867216e-01
7.091574334517358746e-02
8.581094003413049232e-02
1.104441353619883548e-01
3.537352953315666682e-01
9.355745414511386082e-01
7.890025292851192695e-01
6.846654226123548570e-01
8.330640539593492377e-01
9.564855104923024598e-01
8.579824321342071070e-01
6.903644117378896494e-01
7.710426390456959211e-01
8.611491860218709604e-01
8.088693800791362243e-01
8.338316877623763723e-01
7.810492063279365071e-01
8.683171832428733250e-01
9.252911224418880476e-01
8.516838173986478466e-01
9.312759668966344995e-01
8.611491860218709604e-01
9.117555076034653538e-01
6.815196707416094624e-01
8.315309057768098810e-01
7.933747882655766137e-01
8.836461618434549026e-01
7.590640012498732769e-01
8.901811536118894308e-01
1.045871660831857231e+00
8.926442163169462374e-01
8.193668616248083181e-01
9.878213204064366648e-01
9.896426314984639871e-01
8.795861765208595751e-01
1.049731900883274172e+00
