1.675842116674105853e+01
1.286569053126651596e+01
1.642226669626519708e+01
1.401629084545228210e+01
1.610768398936737711e+01
1.780873619930320828e+01
1.675842116674105853e+01
1.287754572884003679e+01
1.571205898199889361e+01
1.751592596004531899e+01
1.314114177471908285e+01
1.367203308793287420e+01
1.807311869213448219e+01
9.354769709702313918e+00
1.963102610773797352e+01
2.136697297098301007e+01
1.852435096619852928e+01
1.640374466660228592e+01
2.005132150801091484e+01
2.247724092448543232e+01
1.840530423558518081e+01
1.210439257944351255e+01
2.602213949521329539e+01
2.395206715447035606e+01
8.825574810755830057e+00
1.728793020867768249e+01
3.157497392873611375e+01
1.943314094917305113e+01
