3.010461661213922557e+00
3.190311583680958574e+00
3.639427738099239917e+00
3.004921290335406781e+00
3.550038808775007659e+00
3.514253619109903859e+00
3.485243298155982217e+00
2.653585593835008360e+00
2.952793667147536549e+00
2.958237926901143400e+00
4.178622137674851800e+00
4.236752562079868056e+00
3.498107090409205977e+00
2.825095287878017558e+00
1.216026391703758058e+01
9.984883467524122480e+00
6.603025897887009776e+00
1.053277969775206202e+01
7.036278174008905317e+00
1.200447027680364265e+01
1.304196410666892447e+01
6.105805990242913595e+00
1.313841575412867790e+01
7.909390185093982062e+00
9.335616450887691542e+00
9.606009252897731443e+00
8.720532412862182170e+00
9.309856794029352400e+00
