6.454061519746030484e+00
1.517165997366266339e+01
1.499108617786656161e+01
1.506028188770896570e+01
1.627170645020818540e+01
1.563986862842842562e+01
1.616713633825487761e+01
1.494972144979456097e+01
1.642226669626519708e+01
1.741939634288009131e+01
1.633176419466799700e+01
1.706998347782624847e+01
1.774324709995902083e+01
1.579912738600989108e+01
1.683577452424375664e+01
1.648288014819251401e+01
1.780873619930320828e+01
1.762922013288367040e+01
1.672757942914366325e+01
1.642226669626519708e+01
1.575553303931991422e+01
1.563986862842842562e+01
1.694466943240722756e+01
1.716457682295125764e+01
1.705426868007150532e+01
1.697591143311164785e+01
1.820677816691408424e+01
1.470391897029440464e+01
1.722793009027745725e+01
1.735533898558941601e+01
1.837524341111598147e+01
1.929448098800686040e+01
1.790370859793590697e+01
2.166421717400754687e+01
1.963102610773797352e+01
2.393001664155508834e+01
2.334226529155392527e+01
2.003286206060586494e+01
2.072731275970886600e+01
2.025550151917981623e+01
2.336377421609803662e+01
2.351489265997780365e+01
2.095767014331955025e+01
2.801192795082014086e+01
2.390798642856290002e+01
2.332077616834117251e+01
2.281093046433144167e+01
2.202637356976566352e+01
2.704848846121842243e+01
1.921954051201683455e+01
2.984990825423509975e+01
2.148537809135972054e+01
2.251868369087266686e+01
1.769061783357862083e+01
2.996008220357273544e+01
2.850644107621461387e+01
2.871726002821655044e+01
2.607011822408038526e+01
2.684992028357791582e+01
2.903641538430433755e+01
2.592644677117731433e+01
2.587873245130237265e+01
2.976754375287337240e+01
2.635985400865317629e+01
