 ---------UTC--------------TDB----------------
   2455203.776312    2455203.777078
   2455228.060587    2455228.061353
   2455228.060715    2455228.061481
   2455228.193019    2455228.193785
   2455228.325323    2455228.326089
   2455228.457628    2455228.458394
   2455228.722364    2455228.723130
   2455228.788579    2455228.789345
   2455228.854668    2455228.855434
   2455228.920884    2455228.921650
   2455228.986972    2455228.987738
   2455228.987099    2455228.987865
   2455229.053188    2455229.053954
   2455229.119404    2455229.120170
   2455229.185492    2455229.186258
   2455229.185619    2455229.186385
   2455229.251708    2455229.252474
   2455229.317924    2455229.318690
   2455229.384012    2455229.384778
   2455229.384140    2455229.384906
   2455229.450228    2455229.450994
   2455229.516444    2455229.517210
   2455229.582532    2455229.583298
   2455229.582660    2455229.583426
   2455229.648748    2455229.649514
   2455229.781052    2455229.781818
   2455229.847268    2455229.848034
   2455230.112004    2455230.112770
   2455230.244309    2455230.245075
   2455230.376613    2455230.377379
   2455230.509044    2455230.509810
   2455233.420620    2455233.421386
