3.503008095894539764e-01 -9.883990383596829021e-01 1.801134393661822097e-01 5.932272291351015775e-02 -1.012549178312909914e+00 3.823570216931156861e-05
3.530856464643526982e-01 -9.882290398990738467e-01 1.802259366175830990e-01 6.155620747776516244e-02 -1.012413787494818029e+00 3.815015161158533211e-05
3.558689852480166893e-01 -9.880548290418056379e-01 1.803376681729942088e-01 6.378938150391594286e-02 -1.012273420183833039e+00 3.806362580569349848e-05
3.586507964474430765e-01 -9.878764171431325680e-01 1.804486344060804992e-01 6.602221791673329454e-02 -1.012128078201268933e+00 3.797619897018684717e-05
3.600397816663454265e-01 -9.877857272896303220e-01 1.805037776028491914e-01 6.713742640050181232e-02 -1.012053614675719970e+00 3.793221340320458089e-05
3.628192865376593246e-01 -9.876010347901222897e-01 1.806135985324821003e-01 6.936973744976832057e-02 -1.011900814622652911e+00 3.784357372161760766e-05
3.642097816258452192e-01 -9.875070320559412584e-01 1.806682750127814874e-01 7.048682024987359962e-02 -1.011822474680581063e+00 3.779893803092742146e-05
3.655972429816504166e-01 -9.874121665133985815e-01 1.807226572276388887e-01 7.160168539892632078e-02 -1.011743041939451082e+00 3.775421756422284750e-05
3.669869600218823025e-01 -9.873160777043072933e-01 1.807769526944502103e-01 7.271858264581150533e-02 -1.011662213621346007e+00 3.770925105283580198e-05
3.711484567271068902e-01 -9.870219446569564736e-01 1.809384920844649136e-01 7.606443432700703278e-02 -1.011412583239521989e+00 3.757365216365824215e-05
3.739217187061569803e-01 -9.868206098907785773e-01 1.810452715634940923e-01 7.829523176001190743e-02 -1.011239897611595939e+00 3.748258989424718289e-05
3.766933787079784213e-01 -9.866151414921278118e-01 1.811512930126666920e-01 8.052560840958153388e-02 -1.011062243991345921e+00 3.739110703422249699e-05
3.503008095894539764e-01 -9.883990383596829021e-01 1.801134393661822097e-01 5.932272291351015775e-02 -1.012549178312909914e+00 3.823570216931156861e-05
3.530856464643526982e-01 -9.882290398990738467e-01 1.802259366175830990e-01 6.155620747776516244e-02 -1.012413787494818029e+00 3.815015161158533211e-05
3.558689852480166893e-01 -9.880548290418056379e-01 1.803376681729942088e-01 6.378938150391594286e-02 -1.012273420183833039e+00 3.806362580569349848e-05
3.586507964474430765e-01 -9.878764171431325680e-01 1.804486344060804992e-01 6.602221791673329454e-02 -1.012128078201268933e+00 3.797619897018684717e-05
3.600397816663454265e-01 -9.877857272896303220e-01 1.805037776028491914e-01 6.713742640050181232e-02 -1.012053614675719970e+00 3.793221340320458089e-05
3.628192865376593246e-01 -9.876010347901222897e-01 1.806135985324821003e-01 6.936973744976832057e-02 -1.011900814622652911e+00 3.784357372161760766e-05
3.642097816258452192e-01 -9.875070320559412584e-01 1.806682750127814874e-01 7.048682024987359962e-02 -1.011822474680581063e+00 3.779893803092742146e-05
3.655972429816504166e-01 -9.874121665133985815e-01 1.807226572276388887e-01 7.160168539892632078e-02 -1.011743041939451082e+00 3.775421756422284750e-05
3.669869600218823025e-01 -9.873160777043072933e-01 1.807769526944502103e-01 7.271858264581150533e-02 -1.011662213621346007e+00 3.770925105283580198e-05
3.711484567271068902e-01 -9.870219446569564736e-01 1.809384920844649136e-01 7.606443432700703278e-02 -1.011412583239521989e+00 3.757365216365824215e-05
3.739217187061569803e-01 -9.868206098907785773e-01 1.810452715634940923e-01 7.829523176001190743e-02 -1.011239897611595939e+00 3.748258989424718289e-05
3.766933787079784213e-01 -9.866151414921278118e-01 1.811512930126666920e-01 8.052560840958153388e-02 -1.011062243991345921e+00 3.739110703422249699e-05
