-9.907787357590057686e-01 -1.523443325074186061e-01 2.933916528788858002e-01
-9.901219804790040158e-01 -1.546235908588932118e-01 2.931305386718778827e-01
-9.894607196476875588e-01 -1.569021455836256129e-01 2.928680903707489014e-01
-9.887949516004778117e-01 -1.591799855885918935e-01 2.926043077856312902e-01
-9.884594041488458105e-01 -1.603219386441837868e-01 2.924715313408046136e-01
-9.881246696255662210e-01 -1.614571169432154063e-01 2.923391887298695813e-01
-9.877868656843663553e-01 -1.625986846189169943e-01 2.922057450611647011e-01
-9.874498822513783081e-01 -1.637334940795830973e-01 2.920727370409719748e-01
-9.874492323471115718e-01 -1.637356788449010059e-01 2.920724806294218157e-01
-9.871098159788519455e-01 -1.648746879900974127e-01 2.919386240680461042e-01
-9.864282534657596857e-01 -1.671499376017412108e-01 2.916701682027927900e-01
-9.864275970592430998e-01 -1.671521212686556956e-01 2.916699098682463132e-01
-9.860861113066967665e-01 -1.682861759973844906e-01 2.915355701544337097e-01
-9.857415158733859872e-01 -1.694266051832742925e-01 2.914001177024537204e-01
-9.853977789038783630e-01 -1.705602743467360127e-01 2.912651123539874987e-01
