-9.947500664907927836e-01 -1.499397959299975935e-01 2.934000298882771252e-01
-9.940935639646778510e-01 -1.522198285459291089e-01 2.931389143497353800e-01
-9.934325557005723173e-01 -1.544991575213036095e-01 2.928764647109535213e-01
-9.927670400435496534e-01 -1.567777717308553864e-01 2.926126807858266954e-01
-9.924316190838191609e-01 -1.579201130049409096e-01 2.924799036670234220e-01
-9.920970102770473309e-01 -1.590556772737641011e-01 2.923475603849788884e-01
-9.917593327350362475e-01 -1.601976331469225079e-01 2.922141160402567106e-01
-9.914224749259763492e-01 -1.613328285702547993e-01 2.920811073459921858e-01
-9.914218252659272590e-01 -1.613350140706630020e-01 2.920808509340853121e-01
-9.910825349619983848e-01 -1.624744106629635865e-01 2.919469936950299105e-01
-9.904012242056803306e-01 -1.647504343729032095e-01 2.916785364755820065e-01
-9.904005680383326515e-01 -1.647526187908839868e-01 2.916782781387856072e-01
-9.900592077345410358e-01 -1.658870594357531036e-01 2.915439377488436845e-01
-9.897147384289565197e-01 -1.670278767730845881e-01 2.914084846148958241e-01
-9.893711268161189398e-01 -1.681619318453445033e-01 2.912734785874320775e-01
