-9.907749463082473618e-01 -1.523575307294660897e-01 2.933901449456776112e-01
-9.901181649495994774e-01 -1.546367850311176906e-01 2.931290230161415211e-01
-9.894568780253073514e-01 -1.569153356578031899e-01 2.928665669895271217e-01
-9.887910838802633773e-01 -1.591931714843149992e-01 2.926027766797137941e-01
-9.884555233371333793e-01 -1.603351224243713125e-01 2.924699963604808217e-01
-9.881207757956170790e-01 -1.614702986039948107e-01 2.923376498972605764e-01
-9.877829587584801008e-01 -1.626118641318226865e-01 2.922042023537200772e-01
-9.874459623003036812e-01 -1.637466714488821917e-01 2.920711904798302117e-01
-9.874453123733438753e-01 -1.637488562020313065e-01 2.920709340618020122e-01
-9.871058829272777446e-01 -1.648878631790995919e-01 2.919370736316048154e-01
-9.864242942843195472e-01 -1.671631083860870004e-01 2.916686100383583113e-01
-9.864236378503071778e-01 -1.671652920567565925e-01 2.916683516954450828e-01
-9.860821390684647580e-01 -1.682993445612573080e-01 2.915340081289561902e-01
-9.857375305257959353e-01 -1.694397715018217121e-01 2.913985518008337938e-01
-9.853937805202616085e-01 -1.705734384166985862e-01 2.912635425983501891e-01
