2.865118966231267050e-02
2.913014588302184626e-02
3.135758871103536127e-02
3.072859189065010183e-02
3.670647324831488589e-02
5.893084379904920539e-02
3.341509187592497931e-02
3.843639603657719728e-02
2.913014588302184626e-02
5.364665645075029216e-02
4.910691589053075429e-02
3.904295314578112852e-02
2.997385896931970689e-02
3.027907889493340263e-02
5.208859695770081538e-02
7.529092964501594709e-01
4.997383281599699495e-02
3.397368529938036424e-02
3.363122291022119237e-02
5.132661927436078103e-02
4.672428449148595397e-02
2.891629585621955864e-02
4.495134175777566743e-02
6.222181275256759986e-02
3.277499692143498455e-02
3.677415138554007701e-02
5.828310218947692356e-02
3.350754886206945560e-02
3.840101110542481350e-02
4.733067079595450199e-02
3.262440948927588374e-02
3.425647402607955028e-02
4.065768619564556763e-02
3.158949328206525631e-02
5.454345690232581534e-02
3.564040738541417175e-02
3.301738391335622136e-02
4.344528590426490616e-02
2.972642342164068599e-02
6.205012483521993999e-02
3.127106408469162990e-02
8.691173013351599641e-02
7.356621218127058770e-02
1.947504166235232981e-01
1.003409931886702078e-01
1.541268829704081356e-01
1.493751641069646918e-01
1.688411865006238244e-01
1.616882257459890115e-01
1.204143915171675128e-01
1.044908820905928043e-01
nan
1.410842050416664939e-01
1.467838908202939996e-01
7.597634470887028313e-02
1.683753049971698224e-01
6.175589148597260269e-01
1.347343698195194450e-01
8.992457530605685312e-02
1.118609222040077150e-01
1.226530621971635426e-01
1.612420813231584538e-01
1.668316309222585281e-01
1.618372147067347888e-01
3.987295250572353011e-01
5.493870212625603378e-01
4.339886737388947702e-01
4.125517136487251157e-01
3.606437377124926957e-01
3.341014768780180000e-01
3.270983816505969588e-01
2.820190176037883356e-01
3.083744553282666834e-01
2.472170361457956544e-01
2.750922753116502029e-01
2.094490502653043595e-01
2.532085670032137026e-01
1.124807997120198660e-01
1.434426815463050175e-01
9.617858767239734208e-02
1.338684994709425369e-01
1.454381680203993832e-01
