3.697793541369743392e-02
3.253438933923325643e-02
3.690988223794920003e-02
8.075002390468263846e-02
6.136809747664381809e-02
2.789604658179908533e-02
3.058740683553732090e-02
3.268456125725893030e-02
3.047492598891717724e-02
3.019553018806185943e-02
3.438291230527596581e-02
3.253438933923325643e-02
4.050817332619926353e-02
6.431949998324330842e-02
4.133735262320270554e-02
2.825808060286797915e-02
2.986363435788174162e-02
3.320034980759375975e-02
5.525132018207207923e-02
5.790854586745929067e-02
9.228745285441791735e-02
4.847777286868165669e-02
3.289596717097831302e-02
1.017519309433181224e-01
3.573902164821659427e-02
6.227914755957023735e-02
8.058948777564774180e-02
1.435748579985582363e-01
1.539849922182816300e-01
1.168095619878320029e-01
9.287063080557998729e-02
6.929124990913072824e-02
9.252911224418881864e-02
7.289175309396241087e-02
8.246665809231595867e-02
6.783883722878274181e-02
1.163800114052549045e-01
1.092140205803511926e-01
7.295891980625890394e-02
1.030572134414612651e-01
1.303402037085086285e-01
1.427836222906219699e-01
1.135215717375696737e-01
7.057947042494618073e-02
1.346103320092263966e-01
9.787649201048524705e-02
1.710324021444475651e-01
1.591762963221408644e-01
8.392249665172057949e-02
1.106313967276079807e-01
1.499264975188615845e-01
1.969148166569753833e-01
