5.237724601442056427e-02
3.797892428061282882e-02
5.887659147402356935e-02
3.241474874083859897e-02
3.356932893215753416e-02
3.381759039439916070e-02
3.112738659624889742e-02
3.283542633736370731e-02
3.158949328206525631e-02
3.534619422687700768e-02
5.540419633047564268e-02
3.541136432826728214e-02
3.141540475828893259e-02
2.926460452719691421e-02
9.451013758917781171e-02
1.042025616265251087e-01
1.033423648152968083e-01
9.269971424981918173e-02
9.092397113367577111e-02
8.462104718459402541e-02
1.422585557884142315e-01
9.424935687622346125e-02
9.201918774451108007e-02
1.065315866733185929e-01
8.193668616248082903e-02
8.088693800791360577e-02
7.904572651047848952e-02
8.691173013351599641e-02
