1.638108483884669297e+01
1.362519290031191588e+01
1.707429023990034267e+01
1.476191361536818114e+01
1.541496913791393730e+01
1.404567643671155963e+01
9.601579000190200830e+00
1.210995863163067554e+01
1.159691995530044650e+01
1.441261081733174976e+01
1.186704692229975500e+01
9.461122367639482889e+00
1.422796078672174147e+01
1.917532173651787986e+01
1.766618034316736185e+01
9.068650391015239620e+00
1.160760603367146615e+01
1.971254326695919445e+01
1.389129261194113774e+01
1.605249929698486966e+01
9.619282062447258141e+00
1.316869258863487602e+01
1.235784260566368253e+01
4.249547221805347164e+01
4.277033575568792401e+01
4.206710830003874690e+01
5.180153863520789770e+01
4.352538883328577413e+01
3.836565874999429582e+01
4.507571865901260111e+01
3.904295314578121179e+01
3.897109956816978382e+01
3.766540656041355817e+01
3.606971074401977262e+01
3.463719061099617846e+01
3.087042862636771900e+01
2.438611736134500063e+01
2.376526490212540210e+01
2.006054185518675581e+01
1.584683950889210635e+01
1.776407751432820703e+01
2.263302794087319114e+02
2.219947273642912648e+02
1.899952133013855189e+02
1.781322934891577177e+02
1.483005151272452906e+02
1.439934242346326130e+02
1.392972874892143409e+02
1.477551610347780411e+02
1.520346783236273325e+02
1.502251545796735286e+02
2.452125307596459152e+02
2.741212222433779857e+02
1.861841299251648252e+02
1.544339072964733930e+02
1.894709617401612718e+02
2.789604658179908938e+02
1.791194139241491428e+02
2.041468389308331552e+02
2.073684395293176124e+02
2.389696016168987285e+02
1.521747719427900734e+02
1.557193777309790903e+02
2.676348470737591470e+02
1.704286718554447759e+02
2.642059899894444470e+02
1.685553957387589037e+02
1.503635807981285950e+02
3.428803993906069536e+02
2.211783732675412182e+02
2.318156006235923883e+02
1.629080928893560554e+02
1.511968208602028199e+02
2.764029408946323088e+02
1.756882267967941686e+02
1.860127269504214951e+02
2.131781355531925612e+02
1.837987949067209001e+02
1.758501161749785808e+02
2.622664027911013704e+02
2.836237922630771777e+02
2.833626853592749057e+02
