2.427407332965297471e+01
1.020334707009922859e+01
2.693659270458434563e+01
2.290565206678052235e+01
6.822486100769449280e+00
9.762086680498505586e+00
1.814440200823842630e+01
1.797805313073913780e+01
1.275095342948677057e+01
1.630582059068297340e+01
1.865274098422784022e+01
1.502251545796734966e+01
2.127858083731547936e+02
1.960390817343043750e+02
1.584683950889212269e+02
2.350404768636473420e+02
2.169415104363227442e+02
2.350404768636473420e+02
1.752034523354460021e+02
1.922837837519759887e+02
2.064156680952151248e+02
2.356908157642102992e+02
2.541807516096058350e+02
1.853286915523896994e+02
