1.437284226952987254e+01
1.238062757228291133e+01
1.635093754065355398e+01
1.361264941126424688e+01
1.571602313930557315e+01
1.441261081733174976e+01
1.257600378974172450e+01
1.319297257266000578e+01
1.819460617141437808e+01
1.848173162698348548e+01
1.937058155541634363e+01
1.376393647576418644e+01
1.103424593848166779e+01
1.525958278187792594e+01
9.619282062447258141e+00
1.458621663960098935e+01
1.496727228988311786e+01
1.140624404945492287e+01
4.296775465567269947e+01
3.987885308958368569e+01
3.680803723326933152e+01
3.843639603657716464e+01
3.141540475828886869e+01
3.998919480527475656e+01
3.583790876909066725e+01
4.013679216085130719e+01
1.769875264095855130e+02
2.579542333428519214e+02
1.846471715974321910e+02
2.681283030313485938e+02
2.574795014634141808e+02
1.489850392032505511e+02
1.487108512329565428e+02
2.017170738511049422e+02
3.064380284784748483e+02
1.447913640622867604e+02
1.438608624461105592e+02
1.791194139241491428e+02
3.223611226489107366e+02
2.049003308108829344e+02
1.431998818237213982e+02
1.636600424807867569e+02
1.542917338946775487e+02
1.630582059068297269e+02
2.337451775285317410e+02
2.071775340669801722e+02
3.176454651771932731e+02
2.875693922413485097e+02
3.217678581010505923e+02
2.956260220664312897e+02
2.825808060286798309e+02
3.132872060080485994e+02
