1.899952133013855189e+02
1.949587176386578733e+02
1.849876177234618240e+02
2.049003308108829344e+02
1.914003200155663080e+02
2.039588993062729685e+02
1.887742091746017365e+02
2.049003308108829344e+02
3.058740683553729411e+01
3.164773690701813535e+01
2.019029477269490513e+01
3.787412948077668773e+01
3.182311289982789404e+01
3.075690700728798532e+01
1.030724643243806213e+03
9.628145829929361526e+02
7.640867339978683503e+02
9.925277535671866644e+02
8.903128867346589459e+02
9.060301700637855902e+02
8.660493888639949773e+02
9.735150269343032505e+02
3.313924879654273354e+02
2.918385504753683222e+02
3.179381622336671285e+02
2.075595209030810508e+02
2.157459538327249788e+02
3.444630634047661601e+02
