4.304697712894517991e+01
1.011911798324614011e+02
9.998679774934367970e+01
1.004483158383631292e+02
1.085282148718322901e+02
1.043140145299015131e+02
1.078307583626475719e+02
9.971090535231388685e+01
1.095324140801471486e+02
1.161830195881829013e+02
1.089287850158055875e+02
1.138525231148360177e+02
1.183430231906457522e+02
1.053762306358712237e+02
1.122904079355161144e+02
1.099366906540284106e+02
1.187798191141180411e+02
1.175824918215600832e+02
1.115687736948153770e+02
1.095324140801471486e+02
1.050854672399579073e+02
1.043140145299015131e+02
1.130167097544296695e+02
1.144834370829921255e+02
1.137477093417623308e+02
1.132250860901170455e+02
1.214346595465624858e+02
9.807146425295206882e+01
1.149059875407606626e+02
1.157557730263402789e+02
1.225582806171076413e+02
1.286893654893890755e+02
4.698320720071787946e+02
5.685159578865657295e+02
5.151606228046458682e+02
6.279754409745196426e+02
6.125515731716275241e+02
5.257056681124470288e+02
5.439295578211977045e+02
5.315482094809103728e+02
6.131160139147243626e+02
6.170816890271263446e+02
5.499746342505827670e+02
7.350936303535982006e+02
6.273973204940471078e+02
6.119876520583321735e+02
5.986081970583516068e+02
5.780197257165059455e+02
7.098108924684820522e+02
5.043623499785868489e+02
7.833262124210581305e+02
5.638228332025560121e+02
5.909390090596494929e+02
4.642401090462133766e+02
7.862174153590060541e+02
7.480707252983638682e+02
7.536030709850485891e+02
6.841363394455560183e+02
7.046000336218247639e+02
7.619783984443104146e+02
6.803660894978155511e+02
6.791139624511407646e+02
7.811647896005885059e+02
6.917396336600381801e+02
