 -0.6866946172061    -0.7528221078486     0.0836149849019    -0.6337750915548    -0.7866102750783     0.0000178854158      0.105      1.022       80.36
 -0.6845079212388    -0.7543946356550     0.0827676360134    -0.6320375994459    -0.7880457063774     0.0000179395733      0.104      1.022       80.55
 -0.6823177395514    -0.7559636217873     0.0819198259734    -0.6302967756480    -0.7894772726010     0.0000179960516      0.103      1.022       80.74
 -0.6812224831691    -0.7567459694842     0.0814961898746    -0.6294260232876    -0.7901908618526     0.0000180251260      0.102      1.021       80.84
 -0.6801244098454    -0.7575288174910     0.0810716865918    -0.6285528926969    -0.7909047497371     0.0000180548270      0.102      1.021       80.94
 -0.6790275007364    -0.7583093266814     0.0806478553276    -0.6276805499960    -0.7916163475924     0.0000180850446      0.101      1.021       81.03
 -0.6779276072103    -0.7590904478403     0.0802230932846    -0.6268056963700    -0.7923283460125     0.0000181158908      0.101      1.021       81.13
 -0.6768292149085    -0.7598689948626     0.0797991328251    -0.6259319002333    -0.7930378412410     0.0000181472373      0.100      1.021       81.23
 -0.6746274659054    -0.7614250799936     0.0789499617849    -0.6241799509284    -0.7944554422644     0.0000182116880      0.099      1.020       81.42
  0.0060222847840    -1.0182022047590    -0.1508361403098    -0.0682583468428    -1.0136689386059     0.0000263153845      0.168      1.029       80.75
  0.0073629055513    -1.0183486528122    -0.1512361450825    -0.0671399239143    -1.0137487187141     0.0000263412232      0.169      1.030       80.68
  0.0087006832489    -1.0184935841775    -0.1516351248457    -0.0660237898836    -1.0138270765217     0.0000263663863      0.169      1.030       80.62
  0.0100412848284    -1.0186376135469    -0.1520347698251    -0.0649052168102    -1.0139043440961     0.0000263909738      0.170      1.030       80.55
  0.0113792426556    -1.0187801539728    -0.1524334501411    -0.0637887668747    -1.0139802061547     0.0000264148789      0.170      1.030       80.48
  0.0127196162837    -1.0189217455046    -0.1528326735734    -0.0626702182922    -1.0140549499955     0.0000264381860      0.171      1.030       80.41
  0.0140575454934    -1.0190618754809    -0.1532309926409    -0.0615536270458    -1.0141283047337     0.0000264608045      0.171      1.031       80.34
  0.0194141408240    -1.0196108784130    -0.1548239590292    -0.0570823666322    -1.0144094559230     0.0000265447833      0.173      1.031       80.06
  0.0207519710191    -1.0197449935425    -0.1552213688734    -0.0559654469282    -1.0144765442480     0.0000265640878      0.173      1.032       79.99
  0.0261080916325    -1.0202699444665    -0.1568106772471    -0.0514929419403    -1.0147326090451     0.0000266345453      0.175      1.033       79.72
