-6.922974589425416880e-01 -7.496191758615095013e-01 8.436327336748492001e-02 -6.378211508330718926e-01 -7.844517811245926842e-01 2.966871720036477891e-05
-6.901144452425107545e-01 -7.511938414834382627e-01 8.351548726567389891e-02 -6.360838155838326458e-01 -7.858880235796541491e-01 2.972841076063850943e-05
-6.879280885323658667e-01 -7.527648675923108712e-01 8.266728884607936478e-02 -6.343432668866016977e-01 -7.873203034745656081e-01 2.979041870021284150e-05
-6.868347323816902383e-01 -7.535482436180956922e-01 8.224345226065275793e-02 -6.334726454334878021e-01 -7.880342546981145002e-01 2.982225438915406973e-05
-6.857384287880734508e-01 -7.543322188032983711e-01 8.181869458007864915e-02 -6.325995404292474866e-01 -7.887485915550667137e-01 2.985472489019394099e-05
-6.835454564854271942e-01 -7.558958953909069578e-01 8.096970172184221604e-02 -6.308526324856185141e-01 -7.901728910835454922e-01 2.992131227448587884e-05
-6.824487927396079012e-01 -7.566755974570329446e-01 8.054546784706118068e-02 -6.299788349834358758e-01 -7.908828557299811823e-01 2.995542199362383892e-05
-6.802508664282204132e-01 -7.582337421784126619e-01 7.969588418682206632e-02 -6.282271740813820671e-01 -7.923011602189403702e-01 3.002539209239823024e-05
3.910009545220813690e-03 -1.016479221167220004e+00 -1.514194704544176984e-01 -6.900564654279317534e-02 -1.011959510619220071e+00 3.960472493311658325e-05
6.588248151157028408e-03 -1.016767814162824912e+00 -1.522179466944502957e-01 -6.677076345183327599e-02 -1.012110896347321098e+00 3.965671413033874070e-05
7.926053673654240642e-03 -1.016910162673124951e+00 -1.526165283659582095e-01 -6.565429736648176196e-02 -1.012184636129277004e+00 3.968171649105221334e-05
1.328229952049186924e-02 -1.017468052665021938e+00 -1.542105873440333952e-01 -6.118343636079223713e-02 -1.012467336031382059e+00 3.977523503963494234e-05
1.462001807079742026e-02 -1.017604382240715033e+00 -1.546082622801568107e-01 -6.006664171072680081e-02 -1.012534809731612917e+00 3.979692008113031981e-05
1.997581701277962099e-02 -1.018138201080657002e+00 -1.561986670549720957e-01 -5.559455257535109163e-02 -1.012792423063554992e+00 3.987690415416606313e-05
-6.922974589425416880e-01 -7.496191758615095013e-01 8.436327336748492001e-02 -6.378211508330718926e-01 -7.844517811245926842e-01 2.966871720036477891e-05
-6.901144452425107545e-01 -7.511938414834382627e-01 8.351548726567389891e-02 -6.360838155838326458e-01 -7.858880235796541491e-01 2.972841076063850943e-05
-6.879280885323658667e-01 -7.527648675923108712e-01 8.266728884607936478e-02 -6.343432668866016977e-01 -7.873203034745656081e-01 2.979041870021284150e-05
-6.868347323816902383e-01 -7.535482436180956922e-01 8.224345226065275793e-02 -6.334726454334878021e-01 -7.880342546981145002e-01 2.982225438915406973e-05
-6.857384287880734508e-01 -7.543322188032983711e-01 8.181869458007864915e-02 -6.325995404292474866e-01 -7.887485915550667137e-01 2.985472489019394099e-05
-6.835454564854271942e-01 -7.558958953909069578e-01 8.096970172184221604e-02 -6.308526324856185141e-01 -7.901728910835454922e-01 2.992131227448587884e-05
-6.824487927396079012e-01 -7.566755974570329446e-01 8.054546784706118068e-02 -6.299788349834358758e-01 -7.908828557299811823e-01 2.995542199362383892e-05
-6.802508664282204132e-01 -7.582337421784126619e-01 7.969588418682206632e-02 -6.282271740813820671e-01 -7.923011602189403702e-01 3.002539209239823024e-05
3.910009545220813690e-03 -1.016479221167220004e+00 -1.514194704544176984e-01 -6.900564654279317534e-02 -1.011959510619220071e+00 3.960472493311658325e-05
6.588248151157028408e-03 -1.016767814162824912e+00 -1.522179466944502957e-01 -6.677076345183327599e-02 -1.012110896347321098e+00 3.965671413033874070e-05
7.926053673654240642e-03 -1.016910162673124951e+00 -1.526165283659582095e-01 -6.565429736648176196e-02 -1.012184636129277004e+00 3.968171649105221334e-05
1.328229952049186924e-02 -1.017468052665021938e+00 -1.542105873440333952e-01 -6.118343636079223713e-02 -1.012467336031382059e+00 3.977523503963494234e-05
1.462001807079742026e-02 -1.017604382240715033e+00 -1.546082622801568107e-01 -6.006664171072680081e-02 -1.012534809731612917e+00 3.979692008113031981e-05
1.997581701277962099e-02 -1.018138201080657002e+00 -1.561986670549720957e-01 -5.559455257535109163e-02 -1.012792423063554992e+00 3.987690415416606313e-05
