1.060578110966442916e-01
7.303695515695154961e-02
8.247886188965627974e-02
4.988186234794927953e-02
1.034528976699660291e-01
6.320372278483792072e-02
8.052721131185287817e-02
1.288079473758241555e-01
3.936793723006225265e-02
2.915698809828799754e-02
7.130872306854366127e-02
3.000147863102843940e-02
3.980546114469605407e-02
3.790902891247283774e-02
1.215285721638690308e+00
1.075173113083753851e+00
1.201927841814186104e+00
1.226530621971635648e+00
1.296219036886343101e+00
1.277257305595522530e+00
1.228792057091894652e+00
1.250484737498586352e+00
1.249333528724967668e-01
1.445035097189660001e-01
1.904927254320778196e-01
1.372392687730610294e-01
2.413672794883593431e-01
1.075173113083753712e-01
