2.456026795874719504e+00
2.042834109665966569e+00
2.559959536397215185e+00
2.213263392162779120e+00
2.311176435062279211e+00
2.105877482115431132e+00
1.439571038131281400e+00
1.815654041769390714e+00
1.738733816473991389e+00
2.160892194510652953e+00
1.779234129839402101e+00
1.418512283073446234e+00
2.133207494290933148e+00
2.874968566961074945e+00
2.648702007859758734e+00
1.359668702156681785e+00
1.740335987214222557e+00
2.955514543437293806e+00
2.082730613991861990e+00
2.406761750031364944e+00
1.442225269868685267e+00
1.974390718472168738e+00
1.852819448607967434e+00
6.371374026668991775e+00
6.412584497176917253e+00
6.307149143434449989e+00
7.766638669369558379e+00
6.525790100415742145e+00
5.752188384246559316e+00
6.758232068202835841e+00
5.853735577311799609e+00
5.842962523284593424e+00
5.647199114097507078e+00
5.407955393569639391e+00
5.193176710292660481e+00
4.628423614942654751e+00
3.656226573271674773e+00
3.563141756781864622e+00
3.007690200057215435e+00
2.375927043089861801e+00
2.663379794952417168e+00
8.624680201400627411e+00
8.459467000685661375e+00
7.240073925601883786e+00
6.788018239979038526e+00
5.651230228747381013e+00
5.487101586109756290e+00
5.308147724005716661e+00
5.630448631798256720e+00
5.793526537808503463e+00
5.724571718112200891e+00
9.344218832332106928e+00
1.044583112980945216e+01
7.094846449072247374e+00
5.884953026013217681e+00
7.220096474628658889e+00
1.063023830836617734e+01
6.825634055654739463e+00
7.779344436391620654e+00
7.902108721272794511e+00
9.106321952087627736e+00
5.798865031034827311e+00
5.933937949439860304e+00
1.019865734621136788e+01
6.494459317342007765e+00
1.006799521878512138e+01
6.423075110696990997e+00
5.729846672346266878e+00
1.306601043306278775e+01
8.428358511649346241e+00
8.833707210087759165e+00
6.207875530668200525e+00
5.761598628315918624e+00
1.053277969775206202e+01
6.694883138181796589e+00
7.088314862372526726e+00
8.123496555035778499e+00
7.003949412400770846e+00
6.701052193946194002e+00
9.994084121462481818e+00
1.080794188107714682e+01
1.079799198153407502e+01
