3.399999999999999911e+00 4.175999999999999851e-02 1.645999999999999894e-02
4.599999999999999645e+00 2.685799999999999854e-01 4.674999999999999989e-02
1.200000000000000000e+01 9.066300000000000026e+00 5.010200000000000209e-01
2.200000000000000000e+01 9.097830000000000084e+00 3.762360000000000149e+00
3.399999999999999911e+00 6.746999999999998832e-02 1.703000000000000000e-02
4.599999999999999645e+00 2.615000000000000657e-01 4.528000000000000774e-02
1.200000000000000000e+01 8.555199999999999250e+00 5.200599999999999667e-01
2.200000000000000000e+01 1.449899000000000093e+01 2.964599999999999902e+00
3.399999999999999911e+00 3.762999999999999678e-02 1.815999999999999906e-02
4.599999999999999645e+00 2.605399999999999938e-01 4.726999999999999258e-02
1.200000000000000000e+01 8.253349999999999298e+00 4.940999999999999837e-01
2.200000000000000000e+01 1.325981999999999950e+01 2.821149999999999824e+00
3.399999999999999911e+00 5.753999999999999393e-02 1.786000000000000087e-02
4.599999999999999645e+00 1.730899999999999661e-01 5.276999999999999053e-02
1.200000000000000000e+01 7.903690000000000104e+00 5.168500000000000316e-01
2.200000000000000000e+01 1.397454999999999892e+01 3.217760000000000620e+00
3.399999999999999911e+00 3.654000000000000303e-02 1.710000000000000062e-02
4.599999999999999645e+00 2.550799999999999179e-01 4.605000000000000066e-02
1.200000000000000000e+01 8.050629999999999953e+00 5.042100000000000470e-01
2.200000000000000000e+01 1.857537999999999556e+01 2.822909999999999808e+00
3.399999999999999911e+00 3.772999999999999271e-02 1.606000000000000136e-02
4.599999999999999645e+00 2.067700000000000093e-01 4.666000000000000009e-02
1.200000000000000000e+01 8.291439999999997923e+00 4.887499999999999623e-01
2.200000000000000000e+01 9.031040000000000845e+00 2.944529999999999870e+00
3.399999999999999911e+00 3.987999999999999878e-02 1.792000000000000190e-02
4.599999999999999645e+00 3.570100000000000495e-01 5.983999999999999736e-02
1.200000000000000000e+01 8.360459999999999781e+00 4.928199999999999803e-01
2.200000000000000000e+01 9.413210000000001187e+00 2.826380000000000337e+00
3.399999999999999911e+00 3.801000000000000212e-02 1.757999999999999841e-02
4.599999999999999645e+00 2.988699999999999690e-01 4.816999999999999060e-02
1.200000000000000000e+01 8.453369999999997830e+00 5.216499999999999471e-01
2.200000000000000000e+01 1.040728999999999971e+01 3.556210000000000093e+00
3.399999999999999911e+00 4.225999999999999895e-02 1.938000000000000139e-02
4.599999999999999645e+00 2.680899999999999950e-01 5.185000000000000719e-02
1.200000000000000000e+01 9.406539999999999679e+00 5.284900000000000153e-01
2.200000000000000000e+01 1.244335999999999842e+01 2.945419999999999927e+00
3.399999999999999911e+00 4.929000000000000742e-02 1.978999999999999510e-02
4.599999999999999645e+00 3.129500000000000060e-01 5.360999999999999099e-02
1.200000000000000000e+01 8.917229999999999990e+00 5.092100000000000515e-01
2.200000000000000000e+01 1.777205999999999975e+01 2.831780000000000186e+00
3.399999999999999911e+00 4.680999999999999051e-02 2.134000000000000133e-02
4.599999999999999645e+00 3.649899999999999811e-01 5.109999999999999265e-02
1.200000000000000000e+01 1.073075000000000045e+01 5.139400000000000635e-01
2.200000000000000000e+01 1.866112000000000037e+01 3.093760000000000066e+00
3.399999999999999911e+00 4.333000000000000046e-02 1.695999999999999591e-02
4.599999999999999645e+00 2.880599999999999827e-01 4.642999999999999211e-02
1.200000000000000000e+01 9.337490000000000734e+00 4.988099999999999201e-01
2.200000000000000000e+01 1.815254999999999797e+01 3.109760000000000080e+00
3.399999999999999911e+00 5.340000000000000302e-02 2.066000000000000128e-02
4.599999999999999645e+00 3.252999999999999226e-01 5.272999999999999909e-02
1.200000000000000000e+01 1.082006999999999763e+01 5.082499999999999796e-01
2.200000000000000000e+01 1.516832999999999743e+01 2.975729999999999986e+00
3.399999999999999911e+00 3.407000000000001000e-02 1.671999999999999875e-02
4.599999999999999645e+00 3.313400000000000234e-01 4.456000000000000932e-02
1.200000000000000000e+01 9.423890000000001876e+00 4.947400000000000686e-01
2.200000000000000000e+01 1.886852000000000373e+01 3.006489999999999885e+00
3.399999999999999911e+00 4.130000000000000338e-02 1.788000000000000006e-02
4.599999999999999645e+00 2.177099999999999869e-01 4.913000000000000006e-02
1.200000000000000000e+01 1.090009000000000050e+01 5.019700000000000273e-01
2.200000000000000000e+01 1.855827999999999989e+01 3.008329999999999949e+00
3.399999999999999911e+00 4.852000000000000063e-02 1.703000000000000000e-02
4.599999999999999645e+00 2.862100000000000199e-01 4.666000000000000703e-02
1.200000000000000000e+01 9.546189999999999287e+00 5.011600000000001609e-01
2.200000000000000000e+01 1.482305999999999990e+01 3.099130000000000162e+00
3.399999999999999911e+00 4.941999999999999171e-02 1.930000000000000118e-02
4.599999999999999645e+00 2.869999999999999774e-01 4.626000000000000251e-02
1.200000000000000000e+01 1.094031999999999982e+01 5.441300000000000026e-01
2.200000000000000000e+01 1.628312999999999988e+01 2.999459999999999571e+00
3.399999999999999911e+00 6.325999999999999679e-02 1.788999999999999965e-02
4.599999999999999645e+00 2.809799999999999520e-01 4.710000000000000298e-02
1.200000000000000000e+01 9.337489999999998957e+00 5.590099999999998959e-01
2.200000000000000000e+01 1.733556000000000097e+01 2.921889999999999876e+00
3.399999999999999911e+00 7.508000000000000784e-02 1.797999999999999945e-02
4.599999999999999645e+00 3.286100000000000132e-01 5.144999999999999574e-02
1.200000000000000000e+01 1.030457999999999963e+01 4.935200000000000142e-01
2.200000000000000000e+01 1.356869000000000014e+01 2.799380000000000646e+00
3.399999999999999911e+00 4.905999999999999944e-02 2.264000000000000040e-02
4.599999999999999645e+00 2.661200000000000232e-01 4.460999999999998994e-02
1.200000000000000000e+01 9.723670000000000258e+00 5.104800000000000448e-01
2.200000000000000000e+01 1.533690999999999782e+01 2.994669999999999721e+00
3.399999999999999911e+00 4.028000000000000330e-02 1.777000000000000107e-02
4.599999999999999645e+00 2.219599999999999906e-01 4.293000000000000288e-02
1.200000000000000000e+01 9.996090000000002362e+00 4.971599999999999353e-01
2.200000000000000000e+01 1.701915000000000333e+01 2.993970000000000020e+00
3.399999999999999911e+00 5.296000000000000013e-02 1.849000000000000296e-02
4.599999999999999645e+00 2.005800000000000083e-01 4.434000000000000441e-02
1.200000000000000000e+01 9.804600000000000648e+00 5.147300000000001319e-01
2.200000000000000000e+01 1.340719000000000172e+01 3.346439999999999859e+00
3.399999999999999911e+00 4.830000000000000265e-02 1.864000000000000032e-02
4.599999999999999645e+00 2.476700000000000013e-01 4.630999999999999006e-02
1.200000000000000000e+01 1.032357000000000014e+01 5.419800000000000173e-01
2.200000000000000000e+01 1.788701000000000008e+01 3.113690000000000513e+00
3.399999999999999911e+00 4.309000000000001024e-02 1.738000000000000309e-02
4.599999999999999645e+00 2.814999999999999725e-01 4.952000000000000152e-02
1.200000000000000000e+01 9.234859999999999403e+00 4.763100000000000667e-01
2.200000000000000000e+01 1.374478000000000044e+01 3.139530000000000154e+00
3.399999999999999911e+00 3.590000000000000135e-02 1.712999999999999939e-02
4.599999999999999645e+00 3.250000000000000111e-01 4.669999999999999846e-02
1.200000000000000000e+01 9.840790000000000148e+00 4.894399999999999307e-01
2.200000000000000000e+01 2.080356000000000094e+01 2.912440000000000140e+00
3.399999999999999911e+00 3.973000000000000143e-02 1.697999999999999510e-02
4.599999999999999645e+00 2.337100000000000011e-01 4.412999999999999562e-02
1.200000000000000000e+01 9.687910000000000466e+00 4.907599999999999185e-01
2.200000000000000000e+01 2.055595999999999890e+01 3.275360000000000049e+00
3.399999999999999911e+00 6.859999999999999432e-02 1.864000000000000032e-02
4.599999999999999645e+00 3.832499999999999796e-01 5.011999999999999095e-02
1.200000000000000000e+01 9.519849999999999923e+00 4.997800000000000020e-01
2.200000000000000000e+01 1.664706999999999937e+01 3.081840000000000135e+00
3.399999999999999911e+00 4.454000000000000320e-02 1.857999999999999929e-02
4.599999999999999645e+00 3.304300000000000015e-01 4.655999999999999028e-02
1.200000000000000000e+01 9.922709999999998587e+00 5.300700000000000411e-01
2.200000000000000000e+01 1.620831000000000088e+01 2.881180000000000074e+00
3.399999999999999911e+00 3.714999999999999553e-02 1.694000000000000020e-02
4.599999999999999645e+00 2.685799999999999299e-01 4.823999999999999122e-02
1.200000000000000000e+01 1.133000000000000007e+01 5.322000000000000064e-01
2.200000000000000000e+01 1.795302999999999471e+01 2.926759999999999806e+00
3.399999999999999911e+00 4.830000000000000265e-02 1.904000000000000137e-02
4.599999999999999645e+00 3.593199999999999728e-01 4.666000000000000703e-02
1.200000000000000000e+01 1.036168000000000156e+01 4.867199999999999860e-01
2.200000000000000000e+01 2.178400999999999854e+01 2.989510000000000112e+00
3.399999999999999911e+00 3.808000000000000274e-02 1.655999999999999833e-02
4.599999999999999645e+00 2.591100000000000070e-01 4.342999999999999639e-02
1.200000000000000000e+01 1.062258000000000102e+01 5.087599999999998790e-01
2.200000000000000000e+01 1.666241000000000128e+01 3.115369999999999528e+00
3.399999999999999911e+00 4.388999999999999152e-02 1.592999999999999972e-02
4.599999999999999645e+00 3.786900000000000266e-01 4.848000000000000920e-02
1.200000000000000000e+01 9.940999999999998948e+00 4.944200000000000261e-01
2.200000000000000000e+01 1.869553000000000154e+01 3.254430000000000156e+00
3.399999999999999911e+00 6.897999999999999965e-02 1.696000000000000285e-02
4.599999999999999645e+00 3.900100000000000233e-01 4.778000000000000302e-02
1.200000000000000000e+01 1.060303000000000040e+01 5.566499999999999782e-01
2.200000000000000000e+01 2.510369999999999990e+01 3.306350000000000122e+00
3.399999999999999911e+00 4.830000000000000959e-02 1.762000000000000025e-02
4.599999999999999645e+00 2.092600000000000293e-01 4.394000000000000683e-02
1.200000000000000000e+01 1.045755000000000123e+01 4.912200000000000455e-01
2.200000000000000000e+01 1.566526999999999958e+01 3.058790000000000120e+00
3.399999999999999911e+00 7.797000000000001152e-02 1.823999999999999927e-02
4.599999999999999645e+00 2.827999999999999958e-01 5.235000000000000070e-02
1.200000000000000000e+01 9.741600000000000037e+00 5.203999999999999737e-01
2.200000000000000000e+01 1.873000000000000043e+01 2.915410000000000501e+00
3.399999999999999911e+00 5.882000000000000423e-02 1.738999999999999921e-02
4.599999999999999645e+00 2.999700000000000144e-01 4.254999999999999755e-02
1.200000000000000000e+01 1.094031999999999982e+01 4.937400000000000122e-01
2.200000000000000000e+01 2.049924000000000035e+01 3.209679999999999644e+00
3.399999999999999911e+00 4.608000000000000290e-02 1.595999999999999502e-02
4.599999999999999645e+00 2.996900000000000119e-01 4.581999999999999962e-02
1.200000000000000000e+01 1.061280000000000001e+01 4.985100000000000087e-01
2.200000000000000000e+01 1.585396000000000072e+01 3.854940000000000033e+00
3.399999999999999911e+00 8.105000000000001092e-02 1.717000000000000123e-02
4.599999999999999645e+00 3.126599999999999935e-01 4.146999999999999992e-02
1.200000000000000000e+01 1.092018999999999984e+01 4.827800000000000424e-01
2.200000000000000000e+01 1.657057999999999964e+01 2.915060000000000429e+00
3.399999999999999911e+00 3.812000000000000111e-02 1.717000000000000123e-02
4.599999999999999645e+00 2.947700000000000320e-01 4.452000000000000401e-02
1.200000000000000000e+01 9.643399999999999750e+00 5.062699999999999978e-01
2.200000000000000000e+01 1.838813999999999993e+01 3.014629999999999921e+00
3.399999999999999911e+00 4.207000000000000323e-02 1.781999999999999904e-02
4.599999999999999645e+00 2.893899999999999251e-01 4.503999999999999670e-02
1.200000000000000000e+01 1.058351999999999826e+01 5.166300000000000336e-01
2.200000000000000000e+01 1.566526999999999781e+01 3.044359999999999733e+00
3.399999999999999911e+00 3.889999999999999708e-02 1.623000000000000137e-02
4.599999999999999645e+00 2.756000000000000116e-01 4.721000000000000890e-02
1.200000000000000000e+01 1.089006000000000007e+01 5.516600000000000392e-01
2.200000000000000000e+01 1.585396000000000072e+01 3.212450000000000028e+00
3.399999999999999911e+00 5.576000000000000401e-02 1.582000000000000073e-02
4.599999999999999645e+00 3.530800000000000050e-01 4.813000000000000611e-02
1.200000000000000000e+01 1.021010000000000062e+01 5.172099999999999476e-01
2.200000000000000000e+01 1.563644000000000212e+01 3.197180000000000355e+00
3.399999999999999911e+00 4.184000000000000219e-02 1.825999999999999499e-02
4.599999999999999645e+00 2.830599999999999783e-01 5.709999999999999798e-02
1.200000000000000000e+01 1.062257999999999925e+01 5.283200000000000118e-01
2.200000000000000000e+01 2.160417999999999950e+01 3.024519999999999875e+00
3.399999999999999911e+00 3.948000000000000120e-02 1.628999999999999893e-02
4.599999999999999645e+00 2.768700000000000050e-01 4.896000000000000352e-02
1.200000000000000000e+01 1.071100000000000030e+01 4.932599999999999763e-01
2.200000000000000000e+01 1.981242999999999910e+01 3.047400000000000109e+00
3.399999999999999911e+00 5.016000000000000320e-02 1.750999999999999779e-02
4.599999999999999645e+00 1.990999999999999992e-01 4.291000000000000369e-02
1.200000000000000000e+01 1.070113999999999876e+01 5.223699999999998900e-01
2.200000000000000000e+01 1.419508000000000081e+01 3.059349999999999792e+00
3.399999999999999911e+00 5.586999999999999605e-02 1.760000000000000106e-02
4.599999999999999645e+00 3.793799999999999950e-01 4.856999999999999512e-02
1.200000000000000000e+01 1.146648000000000067e+01 5.069299999999999917e-01
2.200000000000000000e+01 2.070797999999999917e+01 2.937199999999999367e+00
3.399999999999999911e+00 4.121999999999999970e-02 1.659000000000000058e-02
4.599999999999999645e+00 3.190600000000000103e-01 4.642999999999999905e-02
1.200000000000000000e+01 9.804600000000000648e+00 4.966699999999999449e-01
2.200000000000000000e+01 2.107355000000000445e+01 2.930830000000000268e+00
3.399999999999999911e+00 4.732999999999999707e-02 1.686999999999999958e-02
4.599999999999999645e+00 3.472799999999999221e-01 4.478000000000000036e-02
1.200000000000000000e+01 1.170118999999999865e+01 5.927499999999998881e-01
2.200000000000000000e+01 1.703482999999999947e+01 3.341899999999999871e+00
3.399999999999999911e+00 3.932999999999999691e-02 1.561000000000000061e-02
4.599999999999999645e+00 3.714299999999999824e-01 4.653000000000000191e-02
1.200000000000000000e+01 1.187490000000000023e+01 5.031099999999999461e-01
2.200000000000000000e+01 1.879912999999999812e+01 2.978120000000000100e+00
3.399999999999999911e+00 3.932999999999999691e-02 1.561000000000000061e-02
4.599999999999999645e+00 3.714299999999999824e-01 4.653000000000000191e-02
1.200000000000000000e+01 1.187490000000000023e+01 5.031099999999999461e-01
2.200000000000000000e+01 1.879912999999999812e+01 2.978120000000000100e+00
3.399999999999999911e+00 4.515999999999999875e-02 1.654999999999999874e-02
4.599999999999999645e+00 3.316499999999999448e-01 5.100999999999999285e-02
1.200000000000000000e+01 1.148761999999999972e+01 5.078599999999999781e-01
2.200000000000000000e+01 2.198556999999999562e+01 3.320910000000000029e+00
