9.066300000000000026e+00
8.555199999999999250e+00
8.253349999999999298e+00
7.903690000000000104e+00
8.050629999999999953e+00
8.291439999999997923e+00
8.360459999999999781e+00
8.453369999999997830e+00
9.406539999999999679e+00
8.917229999999999990e+00
1.073075000000000045e+01
9.337490000000000734e+00
1.082006999999999763e+01
9.423890000000001876e+00
1.090009000000000050e+01
9.546189999999999287e+00
1.094031999999999982e+01
9.337489999999998957e+00
1.030457999999999963e+01
9.723670000000000258e+00
9.996090000000002362e+00
9.804600000000000648e+00
1.032357000000000014e+01
9.234859999999999403e+00
9.840790000000000148e+00
9.687910000000000466e+00
9.519849999999999923e+00
9.922709999999998587e+00
1.133000000000000007e+01
1.036168000000000156e+01
1.062258000000000102e+01
9.940999999999998948e+00
1.060303000000000040e+01
1.045755000000000123e+01
9.741600000000000037e+00
1.094031999999999982e+01
1.061280000000000001e+01
1.092018999999999984e+01
9.643399999999999750e+00
1.058351999999999826e+01
1.089006000000000007e+01
1.021010000000000062e+01
1.062257999999999925e+01
1.071100000000000030e+01
1.070113999999999876e+01
1.146648000000000067e+01
9.804600000000000648e+00
1.170118999999999865e+01
1.187490000000000023e+01
1.187490000000000023e+01
1.148761999999999972e+01
9.097830000000000084e+00
1.449899000000000093e+01
1.325981999999999950e+01
1.397454999999999892e+01
1.857537999999999556e+01
9.031040000000000845e+00
9.413210000000001187e+00
1.040728999999999971e+01
1.244335999999999842e+01
1.777205999999999975e+01
1.866112000000000037e+01
1.815254999999999797e+01
1.516832999999999743e+01
1.886852000000000373e+01
1.855827999999999989e+01
1.482305999999999990e+01
1.628312999999999988e+01
1.733556000000000097e+01
1.356869000000000014e+01
1.533690999999999782e+01
1.701915000000000333e+01
1.340719000000000172e+01
1.788701000000000008e+01
1.374478000000000044e+01
2.080356000000000094e+01
2.055595999999999890e+01
1.664706999999999937e+01
1.620831000000000088e+01
1.795302999999999471e+01
2.178400999999999854e+01
1.666241000000000128e+01
1.869553000000000154e+01
2.510369999999999990e+01
1.566526999999999958e+01
1.873000000000000043e+01
2.049924000000000035e+01
1.585396000000000072e+01
1.657057999999999964e+01
1.838813999999999993e+01
1.566526999999999781e+01
1.585396000000000072e+01
1.563644000000000212e+01
2.160417999999999950e+01
1.981242999999999910e+01
1.419508000000000081e+01
2.070797999999999917e+01
2.107355000000000445e+01
1.703482999999999947e+01
1.879912999999999812e+01
1.879912999999999812e+01
2.198556999999999562e+01
