3.667818960000000061e+03
4.025389340000000175e+03
3.904881789999999910e+03
4.281617750000000342e+03
3.262931009999999787e+03
4.130550079999999980e+03
3.171085059999999885e+03
3.805466399999999794e+03
3.059200150000000122e+03
3.078987259999999878e+03
3.590937879999999950e+03
3.253927650000000085e+03
9.861632369999999355e+03
9.870719450000000506e+03
1.017533715999999913e+04
1.013791879999999946e+04
7.797381949999999961e+03
9.646034449999999197e+03
9.152691170000000056e+03
1.020349152999999933e+04
8.573315549999999348e+03
8.225244350000000850e+03
8.393610430000000633e+03
8.927889540000000125e+03