  -5.3174057756321280e-01   2.8263543981573478e+00   2.3324221208228740e-04  -9.5888094025716319e-01   2.5406158344046659e-01  -4.6199587594450252e-05
  -5.3342474648651417e-01   2.8258552371527781e+00   3.1094459418187201e-04  -9.5965671732789670e-01   2.5128628974297018e-01   4.5645620434794531e-05
  -5.3468775234792576e-01   2.8254802254362561e+00   3.6922131615711512e-04  -9.6022458940405875e-01   2.4922514340032881e-01   3.4138943920929793e-05
  -5.3595065435090361e-01   2.8251046643184412e+00   4.2749797016137738e-04  -9.6079285485185639e-01   2.4714948298885089e-01   6.5102474598454628e-06
  -5.3679253119198045e-01   2.8248539850150860e+00   4.6634902946808858e-04  -9.6119196530208006e-01   2.4570362152531081e-01   4.4626565742374432e-05
  -5.3721345223534223e-01   2.8247285537955582e+00   4.8577454485108841e-04  -9.6136393434649281e-01   2.4505269623888370e-01  -2.4392995344258850e-05
  -5.3805525951953315e-01   2.8244775082201290e+00   5.2462554497703542e-04  -9.6174726700196955e-01   2.4364114383525270e-01   4.0383031120270799e-05
  -5.3847614574108893e-01   2.8243518938639691e+00   5.4405102887909100e-04  -9.6193679706894830e-01   2.4293747436923160e-01  -4.4164551707734842e-05
  -5.3931788329493280e-01   2.8241004820141149e+00   5.8290196225863945e-04  -9.6230147413685563e-01   2.4156811689537769e-01   1.7115864687606051e-05
  -5.4058040225794912e-01   2.8237229063936331e+00   6.4117826995956865e-04  -9.6285792960452032e-01   2.3947526520289639e-01  -1.4352602421163820e-05
  -5.4184281614830510e-01   2.8233447813554031e+00   6.9945445672529502e-04  -9.6341677584805696e-01   2.3736197220343230e-01  -3.9374934749999083e-05
  -5.4310512470567662e-01   2.8229661068962839e+00   7.5773051119650990e-04  -9.6397491515384282e-01   2.3523662180549179e-01  -4.6334815863726113e-05
  -5.3174057756321280e-01   2.8263543981573478e+00   2.3324221208228740e-04  -9.5888094025716319e-01   2.5406158344046659e-01  -4.6199587594450252e-05
  -5.3342474648651417e-01   2.8258552371527781e+00   3.1094459418187201e-04  -9.5965671732789670e-01   2.5128628974297018e-01   4.5645620434794531e-05
  -5.3468775234792576e-01   2.8254802254362561e+00   3.6922131615711512e-04  -9.6022458940405875e-01   2.4922514340032881e-01   3.4138943920929793e-05
  -5.3595065435090361e-01   2.8251046643184412e+00   4.2749797016137738e-04  -9.6079285485185639e-01   2.4714948298885089e-01   6.5102474598454628e-06
  -5.3679253119198045e-01   2.8248539850150860e+00   4.6634902946808858e-04  -9.6119196530208006e-01   2.4570362152531081e-01   4.4626565742374432e-05
  -5.3721345223534223e-01   2.8247285537955582e+00   4.8577454485108841e-04  -9.6136393434649281e-01   2.4505269623888370e-01  -2.4392995344258850e-05
  -5.3805525951953315e-01   2.8244775082201290e+00   5.2462554497703542e-04  -9.6174726700196955e-01   2.4364114383525270e-01   4.0383031120270799e-05
  -5.3847614574108893e-01   2.8243518938639691e+00   5.4405102887909100e-04  -9.6193679706894830e-01   2.4293747436923160e-01  -4.4164551707734842e-05
  -5.3931788329493280e-01   2.8241004820141149e+00   5.8290196225863945e-04  -9.6230147413685563e-01   2.4156811689537769e-01   1.7115864687606051e-05
  -5.4058040225794912e-01   2.8237229063936331e+00   6.4117826995956865e-04  -9.6285792960452032e-01   2.3947526520289639e-01  -1.4352602421163820e-05
  -5.4184281614830510e-01   2.8233447813554031e+00   6.9945445672529502e-04  -9.6341677584805696e-01   2.3736197220343230e-01  -3.9374934749999083e-05
  -5.4310512470567662e-01   2.8229661068962839e+00   7.5773051119650990e-04  -9.6397491515384282e-01   2.3523662180549179e-01  -4.6334815863726113e-05
