-1.011625272827199051e+00 2.203889124415377987e-01 -2.033670880325539887e-01 -9.499288909105361167e-01 2.988270295409700128e-01 7.408308492438727244e-06
-1.011626288215045077e+00 2.203866049394523075e-01 -2.033675115076888085e-01 -9.499295853810428847e-01 2.988249198588396882e-01 7.408369930397387262e-06
-1.012149983634913042e+00 2.191950910547174891e-01 -2.035860435788479084e-01 -9.502875241346359081e-01 2.977354661214861031e-01 7.439741825288448278e-06
-1.012673568083215958e+00 2.180010276964280125e-01 -2.038047716178273960e-01 -9.506449042489616419e-01 2.966435066981897850e-01 7.470476364575328609e-06
-1.013195017687319011e+00 2.168090328070872985e-01 -2.040228499428670961e-01 -9.510003435704436070e-01 2.955532646057977830e-01 7.500456670243065594e-06
-1.014235558025776918e+00 2.144220208124150984e-01 -2.044587476411766080e-01 -9.517081564556449935e-01 2.933694929972420762e-01 7.558398298720004149e-06
-1.014754645178252979e+00 2.132270058491944065e-01 -2.046765660392816100e-01 -9.520605242254336353e-01 2.922759646894885766e-01 7.586361805972415160e-06
-1.015272607879307953e+00 2.120317565838719109e-01 -2.048941566879423914e-01 -9.524116365089674296e-01 2.911820471936584220e-01 7.613638202572722728e-06
-9.396673083940392246e-01 -1.304726302562744022e+00 -3.193642093593956899e-01 -2.770073591846486938e-01 -9.751789158167042393e-01 3.394176664677439007e-05
-9.384301659007813212e-01 -1.307219064116623919e+00 -3.193068663590153955e-01 -2.737723315576086058e-01 -9.761074356497820848e-01 3.391671104886288124e-05
-9.376050967554138138e-01 -1.308876841870606045e+00 -3.192682185182290078e-01 -2.716167229457204790e-01 -9.767196003984403019e-01 3.390269993969314795e-05
-9.376043034699772516e-01 -1.308878433991844004e+00 -3.192681812040029099e-01 -2.716146510996386154e-01 -9.767201862636870624e-01 3.390268751492612218e-05
-9.371913521244890077e-01 -1.309706759190651937e+00 -3.192487166105759111e-01 -2.705363227994668773e-01 -9.770244559386228600e-01 3.389649376942781978e-05
-9.351209408067054918e-01 -1.313845757864243957e+00 -3.191499191649548872e-01 -2.651355780201873902e-01 -9.785287625732735917e-01 3.387374762574370853e-05
-9.317935246488479040e-01 -1.320449479095550105e+00 -3.189869729464149262e-01 -2.564756038340347266e-01 -9.808729219041115721e-01 3.386662152891014329e-05
-1.011625272827199051e+00 2.203889124415377987e-01 -2.033670880325539887e-01 -9.499288909105361167e-01 2.988270295409700128e-01 7.408308492438727244e-06
-1.011626288215045077e+00 2.203866049394523075e-01 -2.033675115076888085e-01 -9.499295853810428847e-01 2.988249198588396882e-01 7.408369930397387262e-06
-1.012149983634913042e+00 2.191950910547174891e-01 -2.035860435788479084e-01 -9.502875241346359081e-01 2.977354661214861031e-01 7.439741825288448278e-06
-1.012673568083215958e+00 2.180010276964280125e-01 -2.038047716178273960e-01 -9.506449042489616419e-01 2.966435066981897850e-01 7.470476364575328609e-06
-1.013195017687319011e+00 2.168090328070872985e-01 -2.040228499428670961e-01 -9.510003435704436070e-01 2.955532646057977830e-01 7.500456670243065594e-06
-1.014235558025776918e+00 2.144220208124150984e-01 -2.044587476411766080e-01 -9.517081564556449935e-01 2.933694929972420762e-01 7.558398298720004149e-06
-1.014754645178252979e+00 2.132270058491944065e-01 -2.046765660392816100e-01 -9.520605242254336353e-01 2.922759646894885766e-01 7.586361805972415160e-06
-1.015272607879307953e+00 2.120317565838719109e-01 -2.048941566879423914e-01 -9.524116365089674296e-01 2.911820471936584220e-01 7.613638202572722728e-06
-9.396673083940392246e-01 -1.304726302562744022e+00 -3.193642093593956899e-01 -2.770073591846486938e-01 -9.751789158167042393e-01 3.394176664677439007e-05
-9.384301659007813212e-01 -1.307219064116623919e+00 -3.193068663590153955e-01 -2.737723315576086058e-01 -9.761074356497820848e-01 3.391671104886288124e-05
-9.376050967554138138e-01 -1.308876841870606045e+00 -3.192682185182290078e-01 -2.716167229457204790e-01 -9.767196003984403019e-01 3.390269993969314795e-05
-9.376043034699772516e-01 -1.308878433991844004e+00 -3.192681812040029099e-01 -2.716146510996386154e-01 -9.767201862636870624e-01 3.390268751492612218e-05
-9.371913521244890077e-01 -1.309706759190651937e+00 -3.192487166105759111e-01 -2.705363227994668773e-01 -9.770244559386228600e-01 3.389649376942781978e-05
-9.351209408067054918e-01 -1.313845757864243957e+00 -3.191499191649548872e-01 -2.651355780201873902e-01 -9.785287625732735917e-01 3.387374762574370853e-05
-9.317935246488479040e-01 -1.320449479095550105e+00 -3.189869729464149262e-01 -2.564756038340347266e-01 -9.808729219041115721e-01 3.386662152891014329e-05
