-1.269477021742771994e+00 -8.503114933178547163e-01 3.295535425813349295e-02 -9.499288909105361167e-01 2.988270295409700128e-01 7.408308492438727244e-06
-1.269476081056456040e+00 -8.503125343703632488e-01 3.295536645327579867e-02 -9.499295853810428847e-01 2.988249198588396882e-01 7.408369930397387262e-06
-1.268990162398768051e+00 -8.508498877042434128e-01 3.296165696169375131e-02 -9.502875241346359081e-01 2.977354661214861031e-01 7.439741825288448278e-06
-1.268502841477390009e+00 -8.513879707304304878e-01 3.296794764209257100e-02 -9.506449042489616419e-01 2.966435066981897850e-01 7.470476364575328609e-06
-1.268016002424787958e+00 -8.519247028890838402e-01 3.297421416914184805e-02 -9.510003435704436070e-01 2.955532646057977830e-01 7.500456670243065594e-06
-1.267040000383107046e+00 -8.529982729687309861e-01 3.298672333909762749e-02 -9.517081564556449935e-01 2.933694929972420762e-01 7.558398298720004149e-06
-1.266550835780517081e+00 -8.535351091664160617e-01 3.299296592606525830e-02 -9.520605242254336353e-01 2.922759646894885766e-01 7.586361805972415160e-06
-1.266061210022549011e+00 -8.540716327067536806e-01 3.299919646620730340e-02 -9.524116365089674296e-01 2.911820471936584220e-01 7.613638202572722728e-06
-1.717672148724891101e-01 -1.144291440517779090e+00 2.701630777530886901e-02 -2.770073591846486938e-01 -9.751789158167042393e-01 3.394176664677439007e-05
-1.687808446589219025e-01 -1.143474806717841075e+00 2.696473674564834125e-02 -2.737723315576086058e-01 -9.761074356497820848e-01 3.391671104886288124e-05
-1.667918108455752890e-01 -1.142926311323019917e+00 2.693028797011760844e-02 -2.716167229457204790e-01 -9.767196003984403019e-01 3.390269993969314795e-05
-1.667898994400937862e-01 -1.142925782468626972e+00 2.693025482710698082e-02 -2.716146510996386154e-01 -9.767201862636870624e-01 3.390268751492612218e-05
-1.657951631188674113e-01 -1.142650095005991018e+00 2.691299640421139852e-02 -2.705363227994668773e-01 -9.770244559386228600e-01 3.389649376942781978e-05
-1.608157023078803927e-01 -1.141256225121108914e+00 2.682630082886409972e-02 -2.651355780201873902e-01 -9.785287625732735917e-01 3.387374762574370853e-05
-1.528401898950602911e-01 -1.138975498724476898e+00 2.668638567052305025e-02 -2.564756038340347266e-01 -9.808729219041115721e-01 3.386662152891014329e-05