-1.046597605729723934e+00 6.308461019994154872e-01 2.464536110308577187e-03 -9.499288909105361167e-01 2.988270295409700128e-01 7.408308492438727244e-06
-1.046597992056526927e+00 6.308436537743055128e-01 2.464601597149204942e-03 -9.499295853810428847e-01 2.988249198588396882e-01 7.408369930397387262e-06
-1.046797083073111034e+00 6.295793786193654151e-01 2.498412398259429110e-03 -9.502875241346359081e-01 2.977354661214861031e-01 7.439741825288448278e-06
-1.046995809443584058e+00 6.283122037156501083e-01 2.532286892982107008e-03 -9.506449042489616419e-01 2.966435066981897850e-01 7.470476364575328609e-06
-1.047193401833270920e+00 6.270470285072150540e-01 2.566094091504201018e-03 -9.510003435704436070e-01 2.955532646057977830e-01 7.500456670243065594e-06
-1.047586714237404903e+00 6.245128788061933278e-01 2.633768413473997101e-03 -9.517081564556449935e-01 2.933694929972420762e-01 7.558398298720004149e-06
-1.047782429269829896e+00 6.232439033344548962e-01 2.667635476438061978e-03 -9.520605242254336353e-01 2.922759646894885766e-01 7.586361805972415160e-06
-1.047977388146223987e+00 6.219744782402250038e-01 2.701500612888191061e-03 -9.524116365089674296e-01 2.911820471936584220e-01 7.613638202572722728e-06
-2.957117559208998214e-01 -1.089294958825280046e+00 3.115113842692646129e-02 -2.770073591846486938e-01 -9.751789158167042393e-01 3.394176664677439007e-05
-2.923233620790093856e-01 -1.091480198878473029e+00 3.114584772595258011e-02 -2.737723315576086058e-01 -9.761074356497820848e-01 3.391671104886288124e-05
-2.900660557661408068e-01 -1.092930260365452932e+00 3.114218566549276090e-02 -2.716167229457204790e-01 -9.767196003984403019e-01 3.390269993969314795e-05
-2.900638863640997989e-01 -1.092931651765506995e+00 3.114218209332863044e-02 -2.716146510996386154e-01 -9.767201862636870624e-01 3.390268751492612218e-05
-2.889348327819256101e-01 -1.093655228016797931e+00 3.114030926951587980e-02 -2.705363227994668773e-01 -9.770244559386228600e-01 3.389649376942781978e-05
-2.832815114401974199e-01 -1.097261207340866962e+00 3.113052167296510159e-02 -2.651355780201873902e-01 -9.785287625732735917e-01 3.387374762574370853e-05
-2.742216283409769084e-01 -1.102981232876169004e+00 3.111342231539232853e-02 -2.564756038340347266e-01 -9.808729219041115721e-01 3.386662152891014329e-05
-1.046597605729723934e+00 6.308461019994154872e-01 2.464536110308577187e-03 -9.499288909105361167e-01 2.988270295409700128e-01 7.408308492438727244e-06
-1.046597992056526927e+00 6.308436537743055128e-01 2.464601597149204942e-03 -9.499295853810428847e-01 2.988249198588396882e-01 7.408369930397387262e-06
-1.046797083073111034e+00 6.295793786193654151e-01 2.498412398259429110e-03 -9.502875241346359081e-01 2.977354661214861031e-01 7.439741825288448278e-06
-1.046995809443584058e+00 6.283122037156501083e-01 2.532286892982107008e-03 -9.506449042489616419e-01 2.966435066981897850e-01 7.470476364575328609e-06
-1.047193401833270920e+00 6.270470285072150540e-01 2.566094091504201018e-03 -9.510003435704436070e-01 2.955532646057977830e-01 7.500456670243065594e-06
-1.047586714237404903e+00 6.245128788061933278e-01 2.633768413473997101e-03 -9.517081564556449935e-01 2.933694929972420762e-01 7.558398298720004149e-06
-1.047782429269829896e+00 6.232439033344548962e-01 2.667635476438061978e-03 -9.520605242254336353e-01 2.922759646894885766e-01 7.586361805972415160e-06
-1.047977388146223987e+00 6.219744782402250038e-01 2.701500612888191061e-03 -9.524116365089674296e-01 2.911820471936584220e-01 7.613638202572722728e-06
-2.957117559208998214e-01 -1.089294958825280046e+00 3.115113842692646129e-02 -2.770073591846486938e-01 -9.751789158167042393e-01 3.394176664677439007e-05
-2.923233620790093856e-01 -1.091480198878473029e+00 3.114584772595258011e-02 -2.737723315576086058e-01 -9.761074356497820848e-01 3.391671104886288124e-05
-2.900660557661408068e-01 -1.092930260365452932e+00 3.114218566549276090e-02 -2.716167229457204790e-01 -9.767196003984403019e-01 3.390269993969314795e-05
-2.900638863640997989e-01 -1.092931651765506995e+00 3.114218209332863044e-02 -2.716146510996386154e-01 -9.767201862636870624e-01 3.390268751492612218e-05
-2.889348327819256101e-01 -1.093655228016797931e+00 3.114030926951587980e-02 -2.705363227994668773e-01 -9.770244559386228600e-01 3.389649376942781978e-05
-2.832815114401974199e-01 -1.097261207340866962e+00 3.113052167296510159e-02 -2.651355780201873902e-01 -9.785287625732735917e-01 3.387374762574370853e-05
-2.742216283409769084e-01 -1.102981232876169004e+00 3.111342231539232853e-02 -2.564756038340347266e-01 -9.808729219041115721e-01 3.386662152891014329e-05
