-6.627076350552102424e-01 1.142433015935264917e+00 -8.436999754502937376e-01 -9.499288909105361167e-01 2.988270295409700128e-01 7.408308492438727244e-06
-6.627088161843889269e-01 1.142431771629333959e+00 -8.436990347663689827e-01 -9.499295853810428847e-01 2.988249198588396882e-01 7.408369930397387262e-06
-6.633185365318992055e-01 1.141789127622037103e+00 -8.432132048177739536e-01 -9.502875241346359081e-01 2.977354661214861031e-01 7.439741825288448278e-06
-6.639292140170398593e-01 1.141144852355520989e+00 -8.427261477768619446e-01 -9.506449042489616419e-01 2.966435066981897850e-01 7.470476364575328609e-06
-6.645384872684531041e-01 1.140501436552066039e+00 -8.422397465770914415e-01 -9.510003435704436070e-01 2.955532646057977830e-01 7.500456670243065594e-06
-6.657575404828951493e-01 1.139212199597636088e+00 -8.412651441587873924e-01 -9.517081564556449935e-01 2.933694929972420762e-01 7.558398298720004149e-06
-6.663673187526266695e-01 1.138566376684919890e+00 -8.407769416434350829e-01 -9.520605242254336353e-01 2.922759646894885766e-01 7.586361805972415160e-06
-6.669768709689026798e-01 1.137920166153691071e+00 -8.402884522451352645e-01 -9.524116365089674296e-01 2.911820471936584220e-01 7.613638202572722728e-06
-9.969998257558222443e-01 -1.507507028748389932e-01 1.245964700551628057e-01 -2.770073591846486938e-01 -9.751789158167042393e-01 3.394176664677439007e-05
-9.957607447630550945e-01 -1.539433587962616978e-01 1.269652080710652886e-01 -2.737723315576086058e-01 -9.761074356497820848e-01 3.391671104886288124e-05
-9.949295652610417040e-01 -1.560680800914739930e-01 1.285415395806054906e-01 -2.716167229457204790e-01 -9.767196003984403019e-01 3.390269993969314795e-05
-9.949287642507081975e-01 -1.560701212308668873e-01 1.285430538756706098e-01 -2.716146510996386154e-01 -9.767201862636870624e-01 3.390268751492612218e-05
-9.945113099896335518e-01 -1.571322021824534121e-01 1.293309910379246974e-01 -2.705363227994668773e-01 -9.770244559386228600e-01 3.389649376942781978e-05
-9.924038753030395288e-01 -1.624436099851029047e-01 1.332712097947844065e-01 -2.651355780201873902e-01 -9.785287625732735917e-01 3.387374762574370853e-05
-9.889668743245288995e-01 -1.709327181382201966e-01 1.395680417925939110e-01 -2.564756038340347266e-01 -9.808729219041115721e-01 3.386662152891014329e-05
-6.627076350552102424e-01 1.142433015935264917e+00 -8.436999754502937376e-01 -9.499288909105361167e-01 2.988270295409700128e-01 7.408308492438727244e-06
-6.627088161843889269e-01 1.142431771629333959e+00 -8.436990347663689827e-01 -9.499295853810428847e-01 2.988249198588396882e-01 7.408369930397387262e-06
-6.633185365318992055e-01 1.141789127622037103e+00 -8.432132048177739536e-01 -9.502875241346359081e-01 2.977354661214861031e-01 7.439741825288448278e-06
-6.639292140170398593e-01 1.141144852355520989e+00 -8.427261477768619446e-01 -9.506449042489616419e-01 2.966435066981897850e-01 7.470476364575328609e-06
-6.645384872684531041e-01 1.140501436552066039e+00 -8.422397465770914415e-01 -9.510003435704436070e-01 2.955532646057977830e-01 7.500456670243065594e-06
-6.657575404828951493e-01 1.139212199597636088e+00 -8.412651441587873924e-01 -9.517081564556449935e-01 2.933694929972420762e-01 7.558398298720004149e-06
-6.663673187526266695e-01 1.138566376684919890e+00 -8.407769416434350829e-01 -9.520605242254336353e-01 2.922759646894885766e-01 7.586361805972415160e-06
-6.669768709689026798e-01 1.137920166153691071e+00 -8.402884522451352645e-01 -9.524116365089674296e-01 2.911820471936584220e-01 7.613638202572722728e-06
-9.969998257558222443e-01 -1.507507028748389932e-01 1.245964700551628057e-01 -2.770073591846486938e-01 -9.751789158167042393e-01 3.394176664677439007e-05
-9.957607447630550945e-01 -1.539433587962616978e-01 1.269652080710652886e-01 -2.737723315576086058e-01 -9.761074356497820848e-01 3.391671104886288124e-05
-9.949295652610417040e-01 -1.560680800914739930e-01 1.285415395806054906e-01 -2.716167229457204790e-01 -9.767196003984403019e-01 3.390269993969314795e-05
-9.949287642507081975e-01 -1.560701212308668873e-01 1.285430538756706098e-01 -2.716146510996386154e-01 -9.767201862636870624e-01 3.390268751492612218e-05
-9.945113099896335518e-01 -1.571322021824534121e-01 1.293309910379246974e-01 -2.705363227994668773e-01 -9.770244559386228600e-01 3.389649376942781978e-05
-9.924038753030395288e-01 -1.624436099851029047e-01 1.332712097947844065e-01 -2.651355780201873902e-01 -9.785287625732735917e-01 3.387374762574370853e-05
-9.889668743245288995e-01 -1.709327181382201966e-01 1.395680417925939110e-01 -2.564756038340347266e-01 -9.808729219041115721e-01 3.386662152891014329e-05
