	Name	Diam	Class	H	time
0	2012 NP	0.16	S*	21.34	-1
1	2015 JA2	0.159	S*	21.36	-1
2	2011 TN9	0.157	S*	21.39	-1
3	2006 KV89	0.157	S*	21.38	-1
4	2007 CA27	0.157	S*	21.39	-1
5	2005 EE	0.157	S*	21.39	-1
6	2017 QL33	0.157	S*	21.38	-1
7	2012 BR23	0.156	S*	21.4	-1
8	2010 GT6	0.156	S*	21.4	-1
9	2015 XU378	0.156	S*	21.4	-1
10	2015 UJ51	0.156	S*	21.4	-1
11	2005 BO1	0.156	S*	21.4	-1
12	2012 HM1	0.156	S*	21.4	-1
13	1999 MN	0.156	S*	21.4	-1
14	2011 ST232	0.156	S*	21.4	-1
15	2002 NV16	0.156	S*	21.4	-1
16	2018 EJ4	0.156	S*	21.4	-1
17	2018 QN1	0.156	S*	21.4	-1
18	1994 CJ1	0.156	S*	21.4	-1
19	2017 PS25	0.156	S*	21.4	-1
20	2010 BT3	0.156	S*	21.4	-1
21	2010 VD72	0.156	S*	21.4	-1
22	2011 CG2	0.156	S*	21.4	-1
23	2015 JV	0.156	S*	21.4	-1
24	2010 GC6	0.156	S*	21.4	-1
25	2007 EF	0.156	S*	21.4	-1
26	2010 MP1	0.156	S*	21.4	-1
27	2010 KA8	0.156	S*	21.4	-1
28	2014 OT338	0.156	S*	21.4	-1
29	2017 PR25	0.155	S*	21.42	-1
30	Derm2g	0.155	S*	21.41	0
31	2008 HS3	0.154	S*	21.43	-1
32	2009 JL1	0.153	S*	21.44	-1
33	2019 AW4	0.152	S*	21.45	-1
34	2014 VH2	0.151	S*	21.47	-1
35	1998 BY7	0.151	S*	21.47	-1
36	2001 JV1	0.15	S*	21.48	-1
37	2008 WJ60	0.15	S*	21.48	-1
38	2015 YU7	0.15	S*	21.49	-1
39	2014 MD6	0.149	S*	21.5	-1
40	2019 JX7	0.149	S*	21.5	-1
41	2013 XA4	0.149	S*	21.5	-1
42	2001 RU17	0.149	S*	21.5	-1
43	2014 BR43	0.149	S*	21.5	-1
44	2014 TN17	0.149	S*	21.5	-1
45	2004 HC39	0.149	S*	21.5	-1
46	2014 OA2	0.149	S*	21.5	-1
47	2011 AK5	0.149	S*	21.5	-1
48	2011 BA45	0.149	S*	21.5	-1
49	2007 EK88	0.149	S*	21.5	-1
50	2009 CP5	0.149	S*	21.5	-1
51	2000 AC6	0.149	S*	21.49	-1
52	2018 AO18	0.149	S*	21.5	-1
53	2002 TH68	0.149	S*	21.5	-1
54	2002 AH29	0.149	S*	21.5	-1
55	2016 NG33	0.149	S*	21.5	-1
56	2010 JE88	0.149	S*	21.5	-1
57	2017 NH	0.149	S*	21.5	-1
58	2010 VT11	0.149	S*	21.5	-1
59	Derm5i	0.149	S*	21.5	0
60	Derm7o	0.148	S*	21.52	0
61	2012 WK4	0.148	S*	21.51	-1
62	2015 BK	0.148	S*	21.52	-1
63	2015 BZ310	0.147	S*	21.53	-1
64	Derm6c	0.147	S*	21.53	0
65	2021 HC3	0.143	S*	21.59	-1
66	Mjolnir	0.142	S*	21.6	0
67	2009 EP2	0.142	S*	21.6	-1
68	2014 QO33	0.142	S*	21.6	-1
69	2014 QK362	0.142	S*	21.6	-1
70	2000 LF3	0.142	S*	21.6	-1
71	2016 PU	0.142	S*	21.6	-1
72	2006 SF77	0.142	S*	21.6	-1
73	2015 TA	0.142	S*	21.6	-1
74	2010 EK43	0.142	S*	21.6	-1
75	2016 OJ1	0.142	S*	21.6	-1
76	2001 SQ3	0.142	S*	21.6	-1
77	2017 HN3	0.142	S*	21.6	-1
78	2011 SG47	0.142	S*	21.6	-1
79	2013 VJ2	0.142	S*	21.6	-1
80	2015 OF26	0.142	S*	21.6	-1
81	2011 WF69	0.142	S*	21.6	-1
82	2001 GR2	0.142	S*	21.6	-1
83	2017 GK4	0.142	S*	21.6	-1
84	2012 KU12	0.142	S*	21.6	-1
85	2020 DM4	0.142	S*	21.61	-1
86	2002 VO85	0.142	S*	21.6	-1
87	2016 RH18	0.142	S*	21.6	-1
88	2013 QR1	0.142	S*	21.6	-1
89	2018 VN3	0.138	S*	21.66	-1
90	2018 BT6	0.137	S*	21.68	-1
91	2020 AD3	0.137	S*	21.68	-1
92	2000 KA	0.136	S*	21.7	-1
93	2014 OT111	0.136	S*	21.7	-1
94	2014 SS1	0.136	S*	21.7	-1
95	2011 QH33	0.136	S*	21.7	-1
96	2018 JK3	0.136	S*	21.7	-1
97	2012 CZ52	0.136	S*	21.7	-1
98	2002 UK11	0.136	S*	21.7	-1
99	1996 XB27	0.136	S*	21.7	-1
100	2000 EH26	0.136	S*	21.7	-1
101	2015 FG37	0.136	S*	21.7	-1
102	2015 FY284	0.136	S*	21.7	-1
103	2014 YW34	0.136	S*	21.7	-1
104	2012 GG11	0.136	S*	21.7	-1
105	2010 CF55	0.136	S*	21.7	-1
106	2012 XQ93	0.136	S*	21.7	-1
107	Akhenaten	0.136	S*	21.7	-1
108	2010 DO	0.136	S*	21.7	-1
109	2009 XZ1	0.136	S*	21.7	-1
110	2014 KQ76	0.136	S*	21.7	-1
111	2011 QY47	0.136	S*	21.7	-1
112	2011 QS21	0.136	S*	21.7	-1
113	2016 EF28	0.136	S*	21.7	-1
114	2010 CF19	0.136	S*	21.7	-1
115	2010 AF30	0.136	S*	21.7	-1
116	Derm0f	0.135	S*	21.71	0
117	2011 LT17	0.134	S*	21.73	-1
118	2008 QF	0.134	S*	21.73	-1
119	Derm1c	0.133	S*	21.74	0
120	2018 LK	0.133	S*	21.75	-1
121	2010 FF10	0.132	S*	21.76	-1
122	2010 LB64	0.132	S*	21.76	-1
123	2011 HP	0.132	S*	21.76	-1
124	2017 JF3	0.13	S*	21.8	-1
125	1995 CR	0.13	S*	21.8	-1
126	2015 BY310	0.13	S*	21.79	-1
127	2003 SS84	0.13	S*	21.8	-1
128	2010 NR1	0.13	S*	21.8	-1
129	2013 SO19	0.13	S*	21.8	-1
130	2010 PK9	0.13	S*	21.8	-1
131	Derm5f	0.13	S*	21.8	0
132	2012 BE77	0.13	S*	21.8	-1
133	2006 AM4	0.13	S*	21.8	-1
134	2013 TE6	0.13	S*	21.8	-1
135	2019 XN1	0.13	S*	21.79	-1
136	2014 MP5	0.13	S*	21.8	-1
137	2014 NE63	0.13	S*	21.8	-1
138	2014 HM2	0.13	S*	21.8	-1
139	2015 JJ2	0.13	S*	21.8	-1
140	2011 PX	0.13	S*	21.8	-1
141	2013 XV8	0.13	S*	21.8	-1
142	2012 DV32	0.13	S*	21.8	-1
143	2019 RC	0.13	S*	21.8	-1
144	2017 AE3	0.13	S*	21.8	-1
145	2012 BM86	0.125	S*	21.88	-1
146	2011 UL147	0.124	S*	21.9	-1
147	2011 OY17	0.124	S*	21.9	-1
148	2016 WP	0.124	S*	21.9	-1
149	2008 MP1	0.124	S*	21.9	-1
150	2010 LK61	0.124	S*	21.9	-1
151	2010 VW75	0.124	S*	21.9	-1
152	2016 PA8	0.124	S*	21.9	-1
153	2002 TP69	0.124	S*	21.89	-1
154	2010 LK34	0.124	S*	21.9	-1
155	2014 CU13	0.124	S*	21.9	-1
156	2012 GY17	0.124	S*	21.9	-1
157	2004 SS	0.124	S*	21.9	-1
158	2007 VH184	0.124	S*	21.9	-1
159	2004 KH17	0.124	S*	21.9	-1
160	2011 EM51	0.124	S*	21.9	-1
161	2000 SL10	0.124	S*	21.9	-1
162	2010 HV20	0.124	S*	21.9	-1
163	2012 KN11	0.124	S*	21.9	-1
164	2012 DE54	0.124	S*	21.9	-1
165	2012 BJ11	0.123	S*	21.92	-1
166	2011 JL	0.123	S*	21.92	-1
167	2009 SC15	0.122	S*	21.93	-1
168	2011 UW114	0.122	S*	21.93	-1
169	2014 AY28	0.122	S*	21.93	-1
170	2005 WD	0.121	S*	21.95	-1
171	2019 UN12	0.12	S*	21.96	-1
172	2010 DF1	0.119	S*	21.98	-1
173	2014 XF32	0.119	S*	21.98	-1
174	2021 NY1	0.119	S*	21.98	-1
175	2011 PZ	0.118	S*	22.0	-1
176	2013 NQ8	0.118	S*	22.0	-1
177	2020 ST1	0.118	S*	22.0	-1
178	2016 YM	0.118	S*	22.0	-1
179	2011 SH16	0.118	S*	22.0	-1
180	Derm7d	0.118	S*	22.0	0
181	2007 GQ3	0.118	S*	22.0	-1
182	2017 GM4	0.118	S*	22.0	-1
183	2005 XB1	0.118	S*	22.0	-1
184	2012 FG58	0.118	S*	22.0	-1
185	2016 NA1	0.118	S*	22.0	-1
186	2010 BK2	0.118	S*	22.0	-1
187	2011 QE2	0.118	S*	22.0	-1
188	Derm6k	0.117	S*	22.02	0
189	2018 UQ1	0.116	S*	22.05	-1
190	2016 YM1	0.113	S*	22.1	-1
191	2010 GB6	0.113	S*	22.1	-1
192	1998 WB2	0.113	S*	22.1	-1
193	2014 QQ33	0.113	S*	22.1	-1
194	2012 CM29	0.113	S*	22.1	-1
195	2007 TQ24	0.113	S*	22.1	-1
196	2009 FD	0.113	S*	22.1	-1
197	2004 VB61	0.113	S*	22.1	-1
198	2005 UO	0.113	S*	22.1	-1
199	2011 UV158	0.113	S*	22.1	-1
200	2007 CQ5	0.113	S*	22.1	-1
201	2012 GF1	0.113	S*	22.1	-1
202	2017 WX12	0.113	S*	22.13	-1
203	2018 AQ2	0.113	S*	22.1	-1
204	2013 NX	0.113	S*	22.1	-1
205	2016 PJ66	0.113	S*	22.1	-1
206	2019 CD5	0.112	S*	22.12	-1
207	2019 BF5	0.112	S*	21.67	-1
208	Derm7e	0.11	S*	22.14	0
209	2015 TY178	0.11	S*	22.16	-1
210	2013 TL	0.108	S*	22.2	-1
211	2019 FP2	0.108	S*	22.2	-1
212	2016 TL2	0.108	S*	22.2	-1
213	2016 EK27	0.108	S*	22.2	-1
214	2011 OJ10	0.108	S*	22.2	-1
215	2011 QE38	0.108	S*	22.2	-1
216	2015 KQ57	0.108	S*	22.2	-1
217	2020 BZ11	0.108	S*	22.2	-1
218	2010 CE55	0.108	S*	22.2	-1
219	2014 YC	0.108	S*	22.2	-1
220	2014 YD42	0.108	S*	22.2	-1
221	2015 FL290	0.108	S*	22.2	-1
222	2010 AN2	0.108	S*	22.2	-1
223	2010 RC130	0.108	S*	22.2	-1
224	2006 KC	0.108	S*	22.2	-1
225	Derm3k	0.107	S*	22.22	0
226	2012 XS111	0.107	S*	22.21	-1
227	1998 KG3	0.106	S*	22.23	-1
228	2013 NJ	0.104	S*	22.27	-1
229	2002 CX58	0.103	S*	22.3	-1
230	2010 CC19	0.103	S*	22.3	-1
231	2009 TK	0.103	S*	22.3	-1
232	2008 UT1	0.103	S*	22.3	-1
233	2001 EC16	0.103	S*	22.3	-1
234	Derm4c	0.103	S*	22.31	0
235	2017 BT	0.103	S*	22.3	-1
236	2015 ME116	0.103	S*	22.3	-1
237	2000 RE52	0.103	S*	22.3	-1
238	2015 KL122	0.103	S*	22.3	-1
239	2013 VA10	0.103	S*	22.31	-1
240	2015 FQ	0.103	S*	22.3	-1
241	Derm6f	0.103	S*	22.31	0
242	2002 LY1	0.103	S*	22.3	-1
243	2011 WK74	0.103	S*	22.3	-1
244	2006 CT	0.103	S*	22.3	-1
245	2014 FP47	0.103	S*	22.3	-1
246	2015 JH2	0.103	S*	22.3	-1
247	2011 UE63	0.103	S*	22.3	-1
248	1996 VB3	0.102	S*	22.32	-1
249	2012 YN6	0.101	S*	22.35	-1
250	2016 EO84	0.1	S*	22.37	-1
251	2015 US51	0.098	S*	22.4	-1
252	2007 DA	0.098	S*	22.4	-1
253	2012 GK	0.098	S*	22.4	-1
254	2010 NK1	0.098	S*	22.4	-1
255	2016 DK	0.098	S*	22.4	-1
256	2014 CG13	0.098	S*	22.4	-1
257	2016 LG49	0.098	S*	22.4	-1
258	2011 SE248	0.098	S*	22.4	-1
259	2020 RO6	0.098	S*	22.4	-1
260	2011 XL1	0.098	S*	22.4	-1
261	2013 PC7	0.098	S*	22.4	-1
262	2011 LY20	0.098	S*	22.4	-1
263	2001 UF5	0.098	S*	22.4	-1
264	2020 TB12	0.098	S*	22.41	-1
265	2015 MN44	0.098	S*	22.4	-1
266	2000 WN148	0.098	S*	22.4	-1
267	2002 BF25	0.097	S*	22.42	-1
268	2021 FK3	0.095	S*	22.47	-1
269	2015 KJ19	0.095	S*	22.47	-1
270	2005 ML13	0.094	S*	22.49	-1
271	2001 WV1	0.094	S*	22.5	-1
272	2015 OM21	0.094	S*	22.5	-1
273	2017 FH101	0.094	S*	22.5	-1
274	2004 BW18	0.094	S*	22.5	-1
275	Derm6e	0.094	S*	22.5	0
276	Derm8e	0.094	S*	22.49	0
277	2014 OZ337	0.094	S*	22.5	-1
278	2014 SX261	0.094	S*	22.5	-1
279	2013 UG1	0.094	S*	22.5	-1
280	2007 KE	0.094	S*	22.5	-1
281	2009 WW104	0.094	S*	22.5	-1
282	2000 WH10	0.094	S*	22.5	-1
283	2013 CR35	0.094	S*	22.49	-1
284	2002 FD6	0.094	S*	22.51	-1
285	1995 HM	0.094	S*	22.5	-1
286	2020 UZ5	0.094	S*	22.51	-1
287	Derm3h	0.094	S*	22.49	0
288	2012 GD5	0.094	S*	22.5	-1
289	2016 PB8	0.094	S*	22.5	-1
290	2018 XY2	0.092	S*	22.54	-1
291	2018 TS	0.091	S*	22.58	-1
292	2011 QT2	0.091	S*	22.58	-1
293	2014 QX266	0.091	S*	22.58	-1
294	2011 LS17	0.09	S*	22.6	-1
295	2015 PQ56	0.09	S*	22.6	-1
296	2007 RQ17	0.09	S*	22.6	-1
297	2011 UM21	0.09	S*	22.6	-1
298	2015 TD144	0.09	S*	22.6	-1
299	2012 BF86	0.09	S*	22.6	-1
300	2003 EZ16	0.09	S*	22.6	-1
301	2001 BF10	0.09	S*	22.6	-1
302	2019 OM	0.09	S*	22.6	-1
303	1999 SH10	0.09	S*	22.6	-1
304	2019 WC5	0.09	S*	22.6	-1
305	2007 PD8	0.09	S*	22.6	-1
306	2007 LT	0.09	S*	22.6	-1
307	2007 GY1	0.09	S*	22.6	-1
308	2007 RH1	0.09	S*	22.6	-1
309	2017 CR32	0.09	S*	22.6	-1
310	2015 VZ2	0.09	S*	22.6	-1
311	2004 HZ	0.09	S*	22.6	-1
312	2014 TZ	0.09	S*	22.6	-1
313	2015 TJ1	0.09	S*	22.6	-1
314	2011 KN17	0.09	S*	22.6	-1
315	2017 AG5	0.089	S*	22.63	-1
316	2014 SF145	0.089	S*	22.61	-1
317	2012 DW30	0.087	S*	22.67	-1
318	2011 XF	0.086	S*	22.7	-1
319	2001 CQ36	0.086	S*	22.7	-1
320	2000 WQ148	0.086	S*	22.7	-1
321	2000 WP19	0.086	S*	22.7	-1
322	2007 DX	0.086	S*	22.7	-1
323	2004 SC56	0.086	S*	22.7	-1
324	2014 TZ17	0.086	S*	22.7	-1
325	2014 UV115	0.086	S*	22.7	-1
326	YORP	0.086	S*	22.7	0
327	2014 WQ201	0.086	S*	22.7	-1
328	2009 HG60	0.086	S*	22.7	-1
329	2015 EL7	0.086	S*	22.7	-1
330	2015 BK509	0.086	S*	22.68	-1
331	2012 BK11	0.086	S*	22.7	-1
332	2013 WS43	0.086	S*	22.7	-1
333	2009 HM82	0.086	S*	22.7	-1
334	2002 GD10	0.086	S*	22.7	-1
335	2016 JG12	0.086	S*	22.7	-1
336	2012 CO46	0.086	S*	22.7	-1
337	2015 VA106	0.086	S*	22.7	-1
338	2000 SJ344	0.086	S*	22.7	-1
339	2015 PQ	0.086	S*	22.7	-1
340	2016 AU65	0.086	S*	22.7	-1
341	2020 TG3	0.086	S*	22.68	-1
342	2020 UQ6	0.086	S*	22.7	-1
343	2018 XU6	0.084	S*	22.31	-1
344	2017 XS	0.084	S*	22.74	-1
345	2019 DN	0.083	S*	22.77	-1
346	2001 DS8	0.082	S*	22.8	-1
347	2011 RY	0.082	S*	22.8	-1
348	2010 GL23	0.082	S*	22.8	-1
349	2011 GM62	0.082	S*	22.8	-1
350	2011 RH1	0.082	S*	22.8	-1
351	2010 GZ5	0.082	S*	22.8	-1
352	2014 VP	0.082	S*	22.8	-1
353	2018 QU1	0.082	S*	22.8	-1
354	2013 UE3	0.082	S*	22.8	-1
355	2018 AF3	0.082	S*	22.8	-1
356	2007 EO	0.082	S*	22.8	-1
357	2015 TG238	0.082	S*	22.8	-1
358	2007 RE2	0.082	S*	22.8	-1
359	2006 CL9	0.082	S*	22.8	-1
360	2015 KS121	0.082	S*	22.8	-1
361	2009 DO111	0.082	S*	22.8	-1
362	2017 VU	0.081	S*	22.81	-1
363	2008 GG2	0.08	S*	22.86	-1
364	Derm1a	0.079	S*	22.88	0
365	2015 FG120	0.078	S*	22.9	-1
366	2014 OL339	0.078	S*	22.9	-1
367	2015 QA	0.078	S*	22.9	-1
368	2015 CW13	0.078	S*	22.9	-1
369	2011 YH40	0.078	S*	22.9	-1
370	2002 XY38	0.078	S*	22.9	-1
371	2013 XA22	0.078	S*	22.9	-1
372	2009 EM1	0.078	S*	22.9	-1
373	2007 XO3	0.078	S*	22.9	-1
374	2008 GU20	0.078	S*	22.9	-1
375	2001 WR5	0.078	S*	22.9	-1
376	2008 CP116	0.078	S*	22.9	-1
377	2015 KU121	0.078	S*	22.9	-1
378	2015 RO36	0.078	S*	22.9	-1
379	2018 RQ2	0.078	S*	22.9	-1
380	2014 TL17	0.078	S*	22.9	-1
381	2016 NF23	0.078	S*	22.9	-1
382	2011 GO65	0.077	S*	22.92	-1
383	2021 CC2	0.076	S*	22.96	-1
384	2010 GX23	0.075	S*	23.0	-1
385	2009 UO3	0.075	S*	23.0	-1
386	2007 UG6	0.075	S*	23.0	-1
387	2008 WA14	0.075	S*	23.0	-1
388	2007 UC2	0.075	S*	23.0	-1
389	2015 LA2	0.075	S*	23.0	-1
390	2015 LN21	0.075	S*	23.0	-1
391	2016 GS2	0.075	S*	23.0	-1
392	2006 UP	0.075	S*	23.0	-1
393	2011 YU74	0.075	S*	23.0	-1
394	2010 EC43	0.075	S*	23.0	-1
395	2010 XE11	0.075	S*	23.0	-1
396	2015 CW12	0.075	S*	23.0	-1
397	2019 BG1	0.073	S*	23.04	-1
398	2012 CL29	0.071	S*	23.1	-1
399	2012 GM11	0.071	S*	23.1	-1
400	2012 FA14	0.071	S*	23.1	-1
401	2014 CP13	0.071	S*	23.1	-1
402	2011 UT91	0.071	S*	23.1	-1
403	2016 JP17	0.071	S*	23.1	-1
404	2010 UX6	0.071	S*	23.1	-1
405	2013 ET	0.071	S	23.1	-1
406	2004 UR	0.071	S*	23.1	-1
407	2004 BB75	0.071	S*	23.1	-1
408	1999 TY2	0.071	S*	23.1	-1
409	2013 YL2	0.071	S*	23.1	-1
410	2011 AA37	0.07	S*	23.13	-1
411	2021 GG11	0.07	S*	23.13	-1
412	2019 UD4	0.069	S*	23.18	-1
413	2008 WD14	0.069	S*	23.16	-1
414	2012 FR52	0.068	S*	23.2	-1
415	1999 NW2	0.068	S*	23.2	-1
416	2017 EA3	0.068	S*	23.2	-1
417	2000 WG63	0.068	S*	23.2	-1
418	1997 UR	0.068	S*	23.2	-1
419	2017 VC	0.068	S*	23.2	-1
420	2006 YH14	0.068	S*	23.2	-1
421	2015 WF13	0.068	S*	23.2	-1
422	2015 LG14	0.068	S*	23.2	-1
423	2011 HO53	0.068	S*	23.2	-1
424	2015 TW237	0.068	S*	23.2	-1
425	2014 OV3	0.068	S*	23.2	-1
426	2010 VB1	0.068	S*	23.2	-1
427	2015 DT	0.067	S*	23.24	-1
428	2017 BY93	0.066	S*	23.28	-1
429	2015 CN13	0.065	S*	23.3	-1
430	2007 TS24	0.065	S*	23.3	-1
431	2015 SY	0.065	S*	23.3	-1
432	2010 CD55	0.065	S*	23.3	-1
433	2011 OV17	0.065	S*	23.3	-1
434	2017 BL30	0.065	S*	23.3	-1
435	2011 RX	0.065	S*	23.3	-1
436	2011 SN26	0.065	S*	23.3	-1
437	2014 HS184	0.065	S*	23.3	-1
438	2011 OE	0.065	S*	23.3	-1
439	2010 MG1	0.065	S*	23.3	-1
440	2015 HW11	0.065	S*	23.3	-1
441	2007 RS146	0.065	S*	23.3	-1
442	2014 JR25	0.065	S*	23.3	-1
443	2015 TL143	0.065	S*	23.3	-1
444	2013 PH10	0.065	S*	23.3	-1
445	2019 NJ5	0.063	S*	23.36	-1
446	2013 WA44	0.063	S*	23.37	-1
447	2014 EK24	0.063	S*	23.38	-1
448	2015 HU9	0.062	S*	23.4	-1
449	2008 VU3	0.062	S*	23.4	-1
450	2015 YE	0.062	S*	23.4	-1
451	2002 EC	0.062	S*	23.4	-1
452	2015 RF36	0.062	S*	23.4	-1
453	2014 UT33	0.062	S*	23.4	-1
454	2005 EQ95	0.062	S*	23.4	-1
455	2009 UY19	0.062	S*	23.4	-1
456	2007 RY9	0.062	S*	23.4	-1
457	2016 EV27	0.062	S*	23.4	-1
458	2018 JX	0.062	S*	23.4	-1
459	2000 WG10	0.062	S*	23.4	-1
460	2015 MQ116	0.062	S*	23.4	-1
461	2013 PR43	0.062	S*	23.4	-1
462	2014 WZ4	0.059	S*	23.5	-1
463	2016 RJ18	0.059	S*	23.5	-1
464	2011 AV55	0.059	S*	23.5	-1
465	2016 HN2	0.059	S*	23.5	-1
466	2015 CF	0.059	S*	23.5	-1
467	2014 HN178	0.059	S*	23.5	-1
468	2016 RL20	0.059	S*	23.5	-1
469	2016 EC157	0.059	S*	23.5	-1
470	2020 DD	0.059	S*	23.5	-1
471	2019 UD13	0.059	S*	23.5	-1
472	2007 PS9	0.059	S*	23.5	-1
473	2016 CB30	0.059	S*	23.5	-1
474	2010 WC9	0.059	S*	23.5	-1
475	2015 AZ43	0.059	S*	23.5	-1
476	2017 BW	0.059	S*	23.49	-1
477	2000 TL1	0.059	S*	23.5	-1
478	2009 XO2	0.059	S*	23.5	-1
479	2015 SZ	0.059	S*	23.5	-1
480	2007 LW19	0.059	S*	23.5	-1
481	2007 HD84	0.059	S*	23.5	-1
482	2021 EB1	0.058	S*	23.56	-1
483	2016 BE	0.058	S*	23.55	-1
484	2014 NL52	0.057	S*	23.6	-1
485	2015 RH36	0.057	S*	23.6	-1
486	2008 TT26	0.057	S*	23.6	-1
487	2000 WS28	0.057	S*	23.6	-1
488	2016 TD18	0.057	S*	23.6	-1
489	2015 HM10	0.057	S*	23.6	-1
490	2008 VH14	0.057	S*	23.6	-1
491	2014 WE121	0.057	S*	23.6	-1
492	2017 YF7	0.057	S*	23.6	-1
493	2014 WO69	0.057	S*	23.6	-1
494	1999 TN13	0.057	S*	23.6	-1
495	2015 HB117	0.057	S*	23.6	-1
496	2007 RQ12	0.057	S*	23.6	-1
497	2016 PP27	0.057	S*	23.6	-1
498	2006 UA216	0.057	S*	23.6	-1
499	2010 AE30	0.057	S*	23.6	-1
500	2011 QU37	0.057	S*	23.6	-1
501	2007 VE191	0.057	S*	23.6	-1
502	2015 OV	0.057	S*	23.6	-1
503	2019 CE5	0.055	S*	23.66	-1
504	2015 TM143	0.055	S*	23.66	-1
505	2010 VK139	0.055	S*	23.65	-1
506	2017 HV3	0.054	S*	23.7	-1
507	2000 WJ107	0.054	S*	23.7	-1
508	2015 FG36	0.054	S*	23.7	-1
509	2016 CB138	0.054	S*	23.7	-1
510	2008 XC1	0.054	S*	23.7	-1
511	2013 PH3	0.054	S*	23.7	-1
512	2018 XA	0.054	S*	23.7	-1
513	2016 HP3	0.054	S*	23.7	-1
514	2015 PK9	0.054	S*	23.7	-1
515	2004 GD	0.054	S*	23.7	-1
516	2021 GJ3	0.054	S*	23.7	-1
517	2001 XU4	0.054	S*	23.7	-1
518	2000 YA	0.054	S*	23.7	-1
519	2016 ED	0.054	S*	23.7	-1
520	2016 FX2	0.054	S*	23.7	-1
521	2014 UC115	0.054	S*	23.7	-1
522	2014 YZ8	0.054	S*	23.7	-1
523	2010 JJ3	0.054	S*	23.7	-1
524	2004 EU22	0.054	S*	23.7	-1
525	2013 YS2	0.054	S*	23.7	-1
526	2012 BF14	0.054	S*	23.7	-1
527	2001 CP36	0.054	S*	23.7	-1
528	2017 BM123	0.052	S*	23.8	-1
529	2017 QK	0.052	S*	23.8	-1
530	2007 WU3	0.052	S*	23.8	-1
531	2012 HH31	0.052	S*	23.8	-1
532	2005 ES70	0.052	S*	23.8	-1
533	2015 KV18	0.052	S*	23.8	-1
534	2018 GE3	0.052	S*	23.8	-1
535	2016 HQ19	0.052	S*	23.8	-1
536	2011 SP26	0.052	S*	23.8	-1
537	2015 XM128	0.052	S*	23.8	-1
538	2008 DG4	0.052	S*	23.8	-1
539	2014 YU41	0.052	S*	23.8	-1
540	2010 FK	0.052	S*	23.8	-1
541	2014 RF11	0.052	S*	23.8	-1
542	2000 EB14	0.051	S*	23.81	-1
543	2021 DX1	0.051	S*	23.84	-1
544	2011 PT	0.049	S*	23.9	-1
545	2016 RT33	0.049	S*	23.9	-1
546	2010 HA	0.049	S*	23.9	-1
547	2010 JO71	0.049	S*	23.9	-1
548	2006 KS38	0.049	S*	23.9	-1
549	2014 FR52	0.049	S*	23.9	-1
550	2015 AA44	0.049	S*	23.9	-1
551	2014 BR57	0.049	S*	23.9	-1
552	2015 SO2	0.049	S*	23.9	-1
553	2008 UP100	0.049	S*	23.9	-1
554	2015 PT227	0.049	S*	23.9	-1
555	2010 TG19	0.049	S*	23.9	-1
556	2016 NK39	0.049	S*	23.9	-1
557	2011 XD1	0.049	S*	23.9	-1
558	2000 HB24	0.048	S*	23.95	-1
559	2012 VP76	0.048	S*	23.96	-1
560	2010 CK1	0.047	S*	24.0	-1
561	2009 WV25	0.047	S*	24.0	-1
562	2010 RJ53	0.047	S*	24.0	-1
563	2017 CP32	0.047	S*	24.0	-1
564	2006 HH56	0.047	S*	24.0	-1
565	2015 VG105	0.047	S*	24.0	-1
566	2004 TC18	0.047	S*	24.0	-1
567	1999 SF10	0.047	S*	24.0	-1
568	2015 BD	0.047	S*	24.0	-1
569	Duende	0.047	S*	24.0	-1
570	2017 BK	0.047	S*	24.0	-1
571	2010 FC	0.047	S*	24.0	-1
572	2016 AG166	0.047	S*	24.0	-1
573	2015 QT3	0.047	S*	24.0	-1
574	2014 CS13	0.047	S*	24.0	-1
575	2001 KU66	0.045	S*	24.1	-1
576	2016 QB2	0.045	S*	24.1	-1
577	2000 SM10	0.045	S*	24.1	-1
578	2013 UH5	0.045	S*	24.1	-1
579	2009 WY7	0.045	S*	24.1	-1
580	2015 XB	0.045	S*	24.1	-1
581	2014 EY24	0.045	S*	24.1	-1
582	2010 WB	0.045	S*	24.1	-1
583	2013 SR	0.045	S*	24.1	-1
584	2018 UY1	0.045	S*	24.1	-1
585	2015 VO105	0.045	S*	24.1	-1
586	2017 EH4	0.045	S*	24.1	-1
587	2015 MC	0.045	S*	24.1	-1
588	2014 WE120	0.045	S*	24.1	-1
589	2007 HL4	0.045	S*	24.1	-1
590	2012 HM	0.045	S*	24.1	-1
591	2014 GN1	0.045	S*	24.1	-1
592	2015 YD	0.045	S*	24.1	-1
593	2004 VJ1	0.045	S*	24.1	-1
594	2008 CP	0.045	S*	24.1	-1
595	2015 HV11	0.045	S*	24.1	-1
596	2015 VE66	0.045	S*	24.1	-1
597	2019 UC	0.044	S*	24.15	-1
598	2015 DS53	0.043	S*	24.2	-1
599	2015 TZ237	0.043	S*	24.2	-1
600	2016 ES1	0.043	S*	24.2	-1
601	2009 WB	0.043	S*	24.2	-1
602	2019 KZ3	0.043	S*	24.2	-1
603	2016 VP4	0.043	S*	24.2	-1
604	2006 XY	0.043	S*	24.2	-1
605	2019 UR12	0.043	S*	24.2	-1
606	2011 UQ63	0.043	S*	24.2	-1
607	2015 YD1	0.043	S*	24.2	-1
608	2015 QB	0.043	S*	24.2	-1
609	2010 FS	0.043	S*	24.2	-1
610	2011 OY4	0.043	S*	24.2	-1
611	2010 FX9	0.043	S*	24.2	-1
612	2011 OS15	0.043	S*	24.2	-1
613	2014 FF	0.043	S*	24.2	-1
614	2012 XO134	0.042	S*	24.26	-1
615	2017 BS5	0.042	S*	24.24	-1
616	2019 YW2	0.042	S*	24.25	-1
617	2016 WL7	0.041	S*	24.3	-1
618	2015 AK1	0.041	S*	24.3	-1
619	2014 SC324	0.041	S*	24.3	-1
620	2011 GP59	0.041	S*	24.3	-1
621	2015 HR1	0.041	S*	24.3	-1
622	2009 CV	0.041	S*	24.3	-1
623	2021 AZ	0.041	S*	24.3	-1
624	2010 QG2	0.041	S*	24.3	-1
625	2012 EG5	0.041	S*	24.3	-1
626	2004 GD2	0.041	S*	24.3	-1
627	2009 KL8	0.041	S*	24.3	-1
628	2014 WP4	0.041	S*	24.3	-1
629	2017 JM2	0.041	S*	24.3	-1
630	2014 YD	0.041	S*	24.3	-1
631	2011 AL37	0.041	S*	24.3	-1
632	2000 UO30	0.041	S*	24.3	-1
633	Kamo`oalewa	0.041	S*	24.3	0
634	2002 JR100	0.041	S*	24.3	-1
635	2016 AO131	0.041	S*	24.31	-1
636	2016 CJ30	0.04	S*	24.38	-1
637	2021 AU	0.04	S*	24.35	-1
638	2016 PA40	0.039	S*	24.4	-1
639	2010 EG21	0.039	S*	24.4	-1
640	2015 MX103	0.039	S*	24.4	-1
641	2015 XF	0.039	S*	24.4	-1
642	2017 MC1	0.039	S*	24.4	-1
643	2013 UE1	0.039	S*	24.4	-1
644	2008 HA2	0.039	S*	24.4	-1
645	2006 HW50	0.039	S*	24.4	-1
646	2014 SO142	0.039	S*	24.4	-1
647	2015 DP53	0.039	S*	24.4	-1
648	2014 TV	0.039	S*	24.4	-1
649	2004 XK3	0.039	S*	24.4	-1
650	2016 BB15	0.039	S*	24.4	-1
651	2018 EH	0.039	S*	24.4	-1
652	2006 KB1	0.039	S*	24.4	-1
653	2016 HB	0.039	S*	24.4	-1
654	2000 WL107	0.038	S*	24.44	-1
655	2020 YA5	0.038	S*	24.44	-1
656	2017 VG1	0.038	S*	24.47	-1
657	2015 SW6	0.038	S*	24.45	-1
658	2015 RQ36	0.037	S*	24.5	-1
659	2009 SH15	0.037	S*	24.5	-1
660	2015 LQ21	0.037	S*	24.5	-1
661	2010 JW39	0.037	S*	24.5	-1
662	2003 EM1	0.037	S*	24.5	-1
663	2000 DO8	0.037	S*	24.54	-1
664	2008 UT5	0.037	S*	24.5	-1
665	2016 YH3	0.037	S*	24.5	-1
666	2018 AJ	0.037	S*	24.5	-1
667	2013 SU24	0.037	S*	24.5	-1
668	2016 RF34	0.037	S*	24.5	-1
669	2016 CL29	0.036	S*	24.6	-1
670	2015 HB177	0.036	S*	24.6	-1
671	2014 KL22	0.036	S*	24.6	-1
672	2013 PJ10	0.036	S*	24.6	-1
673	2016 JD18	0.036	S*	24.6	-1
674	2016 FZ2	0.036	S*	24.6	-1
675	2010 CO44	0.036	S*	24.6	-1
676	2015 DZ198	0.036	S*	24.6	-1
677	2012 FP52	0.036	S*	24.6	-1
678	2020 OH3	0.035	S*	24.65	-1
679	2010 UC7	0.034	S*	24.7	-1
680	2015 HS1	0.034	S*	24.7	-1
681	2007 VV83	0.034	S*	24.7	-1
682	2015 KM120	0.034	S*	24.7	-1
683	2015 LJ	0.034	S*	24.7	-1
684	2019 NN3	0.034	S*	24.7	-1
685	2017 JA2	0.034	S*	24.7	-1
686	2009 UU1	0.034	S*	24.7	-1
687	2016 GW221	0.034	S*	24.7	-1
688	2006 HU50	0.034	S*	24.7	-1
689	2007 CX50	0.034	S*	24.7	-1
690	2014 YT34	0.034	S*	24.7	-1
691	2015 UC	0.034	S*	24.7	-1
692	2012 FT62	0.033	S*	24.8	-1
693	2014 WB366	0.033	S*	24.8	-1
694	2015 GC14	0.033	S*	24.8	-1
695	2015 BF511	0.033	S*	24.8	-1
696	2014 FA44	0.033	S*	24.8	-1
697	2012 DR32	0.033	S*	24.8	-1
698	2013 SY19	0.033	S*	24.8	-1
699	2014 WJ201	0.033	S*	24.8	-1
700	2016 RD20	0.033	S*	24.8	-1
701	2014 UY7	0.033	S*	24.8	-1
702	2020 KB3	0.033	S*	24.8	-1
703	2017 QX1	0.033	S*	24.8	-1
704	2020 SN	0.033	S*	24.8	-1
705	2016 DV1	0.033	S*	24.77	-1
706	2000 AG6	0.033	S*	24.8	-1
707	2017 AR4	0.033	S*	24.8	-1
708	2014 UN114	0.032	S*	24.82	-1
709	2015 BK4	0.031	S*	24.9	-1
710	2016 AV164	0.031	S*	24.9	-1
711	2015 DS	0.031	S*	24.9	-1
712	2009 FJ	0.031	S*	24.9	-1
713	2016 JV	0.031	S*	24.9	-1
714	2015 TL238	0.031	S*	24.9	-1
715	2018 RC	0.031	S*	24.9	-1
716	2016 GV221	0.031	S*	24.9	-1
717	2016 GF216	0.031	S*	24.9	-1
718	2014 TJ17	0.031	S*	24.9	-1
719	2018 LQ2	0.031	S*	24.9	-1
720	2008 TX3	0.031	S*	24.9	-1
721	2013 XX8	0.031	S*	24.88	-1
722	2009 SH2	0.031	S*	24.9	-1
723	2009 QH34	0.031	S*	24.9	-1
724	2016 CF29	0.031	S*	24.9	-1
725	2008 CC71	0.031	S*	24.9	-1
726	2014 QV295	0.031	S*	24.9	-1
727	2021 EX1	0.031	S*	24.88	-1
728	2001 AV43	0.031	S*	24.9	-1
729	2021 JR3	0.03	S*	24.95	-1
730	2016 CO29	0.03	S*	25.0	-1
731	2015 SU16	0.03	S*	25.0	-1
732	2021 DW1	0.03	S*	24.8	-1
733	2007 EV	0.03	S*	25.0	-1
734	2011 SG173	0.03	S*	25.0	-1
735	2012 JU11	0.03	S*	25.0	-1
736	2013 XY8	0.03	S*	25.0	-1
737	2007 GU1	0.03	S*	25.0	-1
738	2008 SA	0.03	S*	25.0	-1
739	2017 EE4	0.03	S*	25.0	-1
740	2020 VZ6	0.03	S*	25.0	-1
741	2008 TY9	0.03	S*	25.0	-1
742	2007 TU18	0.03	S*	25.0	-1
743	2016 BC15	0.03	S*	25.0	-1
744	2017 DA38	0.03	S*	25.0	-1
745	2014 TM34	0.03	S*	25.0	-1
746	2010 XM56	0.028	S*	25.1	-1
747	2014 SU1	0.028	S*	25.1	-1
748	2019 BE5	0.028	S*	25.1	-1
749	2017 DA36	0.028	S*	25.1	-1
750	2015 BM510	0.028	S*	25.1	-1
751	2016 NG38	0.028	S*	25.1	-1
752	2015 BG92	0.028	S*	25.1	-1
753	2017 EZ2	0.028	S*	25.1	-1
754	2016 QL44	0.028	S*	25.1	-1
755	2017 VZ14	0.028	S*	25.1	-1
756	2017 VA15	0.028	S*	25.1	-1
757	2021 RS	0.027	S*	25.18	-1
758	2014 TR57	0.027	S*	25.2	-1
759	2017 DV15	0.027	S*	25.2	-1
760	2011 WJ15	0.027	S*	25.2	-1
761	2015 AN44	0.027	S*	25.2	-1
762	2002 AA29	0.027	S*	25.2	-1
763	2015 FP	0.027	S*	25.2	-1
764	2008 YY32	0.027	S*	25.2	-1
765	2012 TV	0.027	S*	25.2	-1
766	2007 KE4	0.027	S*	25.2	-1
767	2017 BU	0.027	S*	25.2	-1
768	2015 XC	0.027	S*	25.2	-1
769	2016 EB1	0.026	S*	25.3	-1
770	2014 SZ144	0.026	S*	25.3	-1
771	2011 WF44	0.026	S*	25.3	-1
772	2009 SK15	0.026	S*	25.3	-1
773	2016 FA	0.026	S*	25.3	-1
774	2014 JJ55	0.026	S*	25.3	-1
775	2021 UH2	0.026	S*	25.31	-1
776	2019 WV	0.026	S*	25.27	-1
777	2016 LG	0.026	S*	25.3	-1
778	2015 SA	0.026	S*	25.3	-1
779	2017 QR35	0.026	S*	25.3	-1
780	2014 WR6	0.026	S*	25.3	-1
781	2017 YR3	0.026	S*	25.3	-1
782	2014 UY	0.026	S*	25.3	-1
783	2000 UK11	0.026	S*	25.3	-1
784	2020 DP4	0.026	S*	25.31	-1
785	2010 JH3	0.026	S*	25.3	-1
786	2016 ND1	0.026	S*	25.3	-1
787	2021 CO	0.026	S*	25.28	-1
788	2015 XA379	0.026	S*	25.29	-1
789	2014 HF5	0.026	S*	25.3	-1
790	2009 FX4	0.025	S*	25.4	-1
791	2016 YF	0.025	S*	25.4	-1
792	2014 EM	0.025	S*	25.4	-1
793	2012 XE54	0.025	S*	25.4	-1
794	2016 XR23	0.025	S*	25.4	-1
795	2017 KJ27	0.025	S*	25.4	-1
796	2016 NC1	0.025	S*	25.4	-1
797	2015 SU	0.025	S*	25.4	-1
798	2007 BD	0.025	S*	25.4	-1
799	2015 MY53	0.025	S*	25.4	-1
800	2015 SZ2	0.025	S*	25.4	-1
801	2013 YG	0.025	S*	25.4	-1
802	2016 AF166	0.025	S*	25.4	-1
803	2010 UJ7	0.025	S*	25.4	-1
804	2016 NS	0.025	S*	25.4	-1
805	2016 BF1	0.025	S*	25.4	-1
806	2016 LO48	0.025	S*	25.4	-1
807	2015 CZ12	0.025	S*	25.4	-1
808	2005 GB34	0.025	S*	25.4	-1
809	2016 AU9	0.025	S*	25.4	-1
810	2010 XR69	0.025	S*	25.4	-1
811	2015 HO116	0.024	S*	25.5	-1
812	2015 JD	0.024	S*	25.5	-1
813	1998 KY26	0.024	S*	25.5	-1
814	2003 SR84	0.024	S*	25.44	-1
815	2007 XN16	0.024	S*	25.5	-1
816	2016 CS247	0.024	S*	25.5	-1
817	2015 CB1	0.024	S*	25.5	-1
818	2014 FB44	0.024	S*	25.5	-1
819	2014 KA91	0.024	S*	25.5	-1
820	2016 WQ	0.024	S*	25.5	-1
821	2016 UE	0.024	S*	25.48	-1
822	2018 BG1	0.024	S*	25.5	-1
823	2012 UX136	0.023	S*	25.6	-1
824	2010 VZ11	0.023	S*	25.6	-1
825	2017 RB16	0.023	S*	25.6	-1
826	2017 RU2	0.023	S*	25.6	-1
827	2013 XY20	0.023	S*	25.6	-1
828	2015 DK200	0.023	S*	25.6	-1
829	2008 WY94	0.023	S*	25.6	-1
830	2015 EG	0.023	S*	25.6	-1
831	2014 WF201	0.023	S*	25.6	-1
832	2010 WA9	0.023	S*	25.6	-1
833	2015 CG	0.023	S*	25.6	-1
834	2014 UX7	0.023	S*	25.6	-1
835	2014 YN	0.022	S*	25.7	-1
836	2010 FT	0.022	S*	25.7	-1
837	2004 FH	0.022	S*	25.7	-1
838	2016 HO	0.022	S*	25.7	-1
839	2010 KK37	0.022	S*	25.7	-1
840	2015 FX33	0.022	S*	25.7	-1
841	2015 CQ13	0.022	S*	25.7	-1
842	2014 GG49	0.022	S*	25.7	-1
843	2018 DY3	0.022	S*	25.7	-1
844	2014 HO132	0.022	S*	25.7	-1
845	2014 DX110	0.022	S*	25.7	-1
846	2014 DF80	0.022	S*	25.7	-1
847	2014 UD57	0.021	S*	25.8	-1
848	2009 DD45	0.021	S*	25.8	-1
849	2019 EA2	0.021	S*	25.8	-1
850	2014 HE177	0.021	S*	25.8	-1
851	2014 DH10	0.021	S*	25.8	-1
852	2000 WM10	0.021	S*	25.8	-1
853	2013 NH4	0.021	S*	25.8	-1
854	2016 CK29	0.021	S*	25.8	-1
855	2020 YE5	0.021	S*	25.75	-1
856	2008 HJ	0.021	S*	25.8	-1
857	2015 FW33	0.021	S*	25.8	-1
858	2016 BW14	0.021	S*	25.8	-1
859	2018 KF1	0.021	S*	25.8	-1
860	2009 BK58	0.021	S*	25.8	-1
861	2015 JW	0.021	S*	25.8	-1
862	2010 TS19	0.021	S*	25.8	-1
863	2004 BV18	0.02	S*	25.9	-1
864	2007 DD	0.02	S*	25.9	-1
865	2011 UG169	0.02	S*	25.85	-1
866	2017 DL34	0.02	S*	25.9	-1
867	2018 CB	0.02	S*	25.9	-1
868	2013 BS45	0.02	S*	25.9	-1
869	2016 WB8	0.02	S*	25.9	-1
870	2021 EL4	0.02	S*	25.88	-1
871	2010 GF7	0.02	S*	25.9	-1
872	2016 QS11	0.02	S*	25.91	-1
873	2002 TZ66	0.02	S*	25.9	-1
874	2009 BF2	0.02	S*	25.9	-1
875	2015 AF44	0.019	S*	25.98	-1
876	2010 KV7	0.019	S*	26.0	-1
877	2015 YS9	0.019	S*	26.0	-1
878	2015 EP	0.019	S*	26.0	-1
879	2011 UT	0.019	S*	26.0	-1
880	2017 EE3	0.019	S*	26.0	-1
881	2020 RA6	0.019	S*	26.0	-1
882	2017 MO8	0.019	S*	26.0	-1
883	2019 MB4	0.019	S*	26.0	-1
884	2015 KW120	0.019	S*	26.0	-1
885	2020 GF2	0.019	S*	26.0	-1
886	2011 OJ45	0.019	S*	26.0	-1
887	2016 WG7	0.019	S*	26.0	-1
888	2014 TT35	0.019	S*	26.0	-1
889	2014 HS4	0.018	S*	26.1	-1
890	2015 XO	0.018	S*	26.1	-1
891	2006 DR14	0.018	S*	26.1	-1
892	2015 CM	0.018	S*	26.1	-1
893	2015 KT56	0.018	S*	26.1	-1
894	2009 TO8	0.018	S*	26.1	-1
895	2010 FR9	0.018	S*	26.1	-1
896	2004 KF17	0.018	S*	26.1	-1
897	2015 WA13	0.018	S*	26.1	-1
898	2015 EQ	0.018	S*	26.1	-1
899	2017 QU17	0.018	S*	26.1	-1
900	2015 DC54	0.018	S*	26.1	-1
901	2015 KE	0.017	S*	26.2	-1
902	2017 QW1	0.017	S*	26.2	-1
903	2017 RV2	0.017	S*	26.23	-1
904	2016 RM20	0.017	S*	26.2	-1
905	1991 VA	0.017	S*	26.21	-1
906	2015 KA	0.017	S*	26.2	-1
907	2020 KK7	0.017	S*	26.2	-1
908	2015 AP44	0.017	S*	26.2	-1
909	2014 KH39	0.017	S*	26.2	-1
910	2006 HX30	0.017	S*	26.2	-1
911	2014 TP57	0.017	S*	26.2	-1
912	2014 WC201	0.017	S*	26.2	-1
913	2010 HF	0.017	S*	26.2	-1
914	2005 UE1	0.017	S*	26.2	-1
915	2015 CO	0.017	S*	26.2	-1
916	2010 RQ64	0.017	S*	26.2	-1
917	2015 JF	0.016	S*	26.3	-1
918	2015 TZ143	0.016	S*	26.3	-1
919	2017 LE	0.016	S*	26.4	-1
920	2015 EK	0.016	S*	26.3	-1
921	2009 EW	0.016	S*	26.4	-1
922	2016 FL12	0.016	S*	26.3	-1
923	2014 WX4	0.016	S*	26.4	-1
924	2017 RS2	0.016	S*	26.4	-1
925	2015 JR	0.016	S*	26.3	-1
926	2014 JD	0.016	S*	26.3	-1
927	2015 AK45	0.016	S*	26.4	-1
928	2017 VY13	0.016	S*	26.4	-1
929	2014 SB145	0.016	S*	26.3	-1
930	2015 DU	0.016	S*	26.37	-1
931	2016 SZ1	0.016	S*	26.3	-1
932	2014 WY119	0.016	S*	26.3	-1
933	2016 JE18	0.016	S*	26.3	-1
934	2016 EQ1	0.016	S*	26.3	-1
935	2014 DJ80	0.016	S*	26.3	-1
936	2017 EK3	0.016	S*	26.3	-1
937	2015 CS	0.016	S*	26.4	-1
938	2009 HK73	0.016	S*	26.3	-1
939	2017 YW3	0.015	S*	26.5	-1
940	2006 DD1	0.015	S*	26.5	-1
941	2017 HU49	0.015	S*	26.5	-1
942	2020 RZ6	0.015	S*	26.54	-1
943	2017 CF32	0.015	S*	26.47	-1
944	2021 DP	0.014	S*	26.56	-1
945	2020 TP1	0.014	S*	26.71	-1
946	2016 NN15	0.014	S*	26.7	-1
947	2013 TG6	0.014	S*	26.6	-1
948	2011 BG24	0.014	S*	26.6	-1
949	2016 FC	0.014	S*	26.6	-1
950	2012 TC4	0.014	S*	26.7	-1
951	2012 KP24	0.014	S*	26.61	-1
952	2014 FA7	0.014	S*	26.7	-1
953	2014 KQ84	0.014	S*	26.7	-1
954	2010 FW9	0.014	S*	26.7	-1
955	2017 AT4	0.014	S*	26.6	-1
956	2003 XV	0.014	S*	26.7	-1
957	2014 UA176	0.014	S*	26.7	-1
958	2014 UR	0.014	S*	26.6	-1
959	2017 BJ30	0.014	S*	26.7	-1
960	2015 ET	0.014	S*	26.7	-1
961	2016 GE1	0.014	S*	26.7	-1
962	2014 HT46	0.014	S*	26.6	-1
963	2010 YD	0.014	S*	26.6	-1
964	2009 KW2	0.014	S*	26.6	-1
965	2015 FC	0.014	S*	26.6	-1
966	2015 KQ120	0.014	S*	26.7	-1
967	2009 FH	0.014	S*	26.6	-1
968	2017 QT1	0.014	S*	26.7	-1
969	2016 CU29	0.014	S*	26.7	-1
970	2021 GQ10	0.014	S*	26.65	-1
971	2015 DO215	0.014	S*	26.6	-1
972	2006 MV1	0.013	S*	26.8	-1
973	2010 FD6	0.013	S*	26.8	-1
974	2015 EO	0.013	S*	26.8	-1
975	2021 FH	0.013	S*	26.73	-1
976	2016 YM3	0.013	S*	26.8	-1
977	2016 GB222	0.013	S*	26.8	-1
978	2009 BO5	0.013	S*	26.8	-1
979	2017 AS4	0.013	S*	26.8	-1
980	2010 JL88	0.013	S*	26.8	-1
981	2015 EF	0.013	S*	26.8	-1
982	2014 RC	0.013	S*	26.8	-1
983	2014 UV210	0.012	S*	26.9	-1
984	2012 HG2	0.012	S*	27.0	-1
985	2017 QG18	0.012	S*	27.0	-1
986	2016 PX8	0.012	S*	27.0	-1
987	2015 KO122	0.012	S*	27.04	-1
988	2013 SB21	0.012	S*	27.0	-1
989	2008 UR2	0.012	S*	27.0	-1
990	2020 TD8	0.012	S*	26.9	-1
991	2010 DL	0.012	S*	27.0	-1
992	2014 WA366	0.012	S*	26.9	-1
993	2016 DN2	0.012	S*	26.9	-1
994	2008 UR	0.012	S*	26.9	-1
995	2021 HN	0.012	S*	26.9	-1
996	2010 KO10	0.011	S*	27.1	-1
997	2014 GQ17	0.011	S*	27.1	-1
998	2009 WV51	0.011	S*	27.1	-1
999	2015 LH	0.011	S*	27.2	-1
1000	2009 UD	0.011	S*	27.2	-1
1001	2018 DT	0.011	S*	27.1	-1
1002	2016 EL157	0.011	S*	27.1	-1
1003	2010 AL30	0.011	S*	27.2	-1
1004	2015 HS11	0.011	S*	27.1	-1
1005	2017 BS32	0.011	S*	27.2	-1
1006	2017 FK	0.01	S*	27.4	-1
1007	2014 SF304	0.01	S*	27.3	-1
1008	2001 WJ4	0.01	S*	27.4	-1
1009	2008 UT95	0.01	S*	27.4	-1
1010	2014 WS7	0.01	S*	27.3	-1
1011	2010 GH7	0.01	S*	27.3	-1
1012	2010 SK13	0.01	S*	27.4	-1
1013	2015 VN105	0.009	S*	27.6	-1
1014	2016 RD34	0.009	S*	27.7	-1
1015	2009 SN103	0.009	S*	27.6	-1
1016	2012 BX34	0.009	S*	27.6	-1
1017	2016 NM15	0.009	S*	27.5	-1
1018	2016 VA	0.009	S*	27.6	-1
1019	2015 SV6	0.009	S*	27.7	-1
1020	2009 FP32	0.009	S*	27.7	-1
1021	2017 LD	0.009	S*	27.5	-1
1022	2005 UW5	0.009	S*	27.5	-1
1023	2010 TN4	0.009	S*	27.5	-1
1024	2016 MA	0.009	S*	27.5	-1
1025	2016 CM194	0.009	S*	27.7	-1
1026	2016 EN156	0.008	S*	27.8	-1
1027	2015 OQ21	0.008	S*	27.9	-1
1028	2017 FJ	0.007	S*	28.2	-1
1029	2011 MD	0.007	S*	28.0	-1
1030	2014 HB177	0.007	S*	28.1	-1
1031	2010 TE55	0.007	S*	28.0	-1
1032	2017 VC14	0.007	S*	28.2	-1
1033	2009 FK	0.007	S*	28.3	-1
1034	2017 VV12	0.007	S*	28.0	-1
1035	2009 BD	0.007	S*	28.1	-1
1036	2017 UK8	0.007	S*	28.2	-1
1037	2017 RB	0.007	S*	28.1	-1
1038	2015 CD1	0.007	S*	28.2	-1
1039	2016 SA2	0.007	S*	28.2	-1
1040	2003 WT153	0.007	S*	28.0	-1
1041	2016 RB1	0.007	S*	28.3	-1
1042	2021 KN2	0.006	S*	28.63	-1
1043	2014 HW	0.006	S*	28.4	-1
1044	2016 CG18	0.006	S*	28.5	-1
1045	2020 UA	0.006	S*	28.44	-1
1046	2020 XX3	0.006	S*	28.48	-1
1047	2016 SW1	0.006	S*	28.5	-1
1048	2016 WZ8	0.006	S*	28.4	-1
1049	2009 TM8	0.006	S*	28.4	-1
1050	2021 JB6	0.005	S*	28.78	-1
1051	2020 SW	0.005	S*	29.06	-1
1052	2010 TD54	0.005	S*	28.9	-1
1053	2015 VY105	0.005	S*	29.0	-1
1054	2015 VO142	0.005	S*	28.9	-1
1055	2012 KT42	0.005	S*	28.79	-1
1056	2010 VO21	0.005	S*	28.7	-1
1057	2016 FW13	0.004	S*	29.5	-1
1058	2015 TC25	0.004	S*	29.34	-1
1059	2017 QB35	0.004	S*	29.3	-1
1060	2014 WX202	0.004	S*	29.6	-1
1061	2008 JL24	0.004	S*	29.6	-1
1062	2014 WU200	0.004	S*	29.1	-1
1063	2010 WA	0.003	S*	30.0	-1
1064	2006 RH120	0.003	S*	29.9	-1
1065	2008 TC3	0.002	S*	30.9	-1
1066	93P/Lovas				0
1067	1I/'Oumuamua			22.08	0
1068	94P/Russell 4				0
1069	C/2017 T2  (PanSTARRS)				0
1070	49P/Arend-Rigaux		C		0
1071	P/2006 HR30		C		0
1072	P/2016 BA14				0
1073	P002RZ				0
1074	P002I6				0
1075	P001GV				0
1076	P0012V				0
1077	P000ZE				0
1078	P002I1				0
1079	47P/Ashbrook-Jackson				0
1080	P000TQ				0
1081	P000K7				0
1082	P000DV				0
1083	333P/LINEAR		C		0
