1.638108483884669297e+01
1.879068704686488189e+01
2.022752094615477603e+01
2.050891379253350877e+01
2.069868043541238123e+01
2.570056432674764579e+01
2.309631316595478268e+01
1.866992870758542722e+01
1.597874476225032225e+01
8.977236355358266806e+00
1.055705197180448884e+01
5.664253211547897848e+00
5.489624760534586478e+00
9.010370714599273967e+00
5.530223197070593066e+00
2.427407332965297542e+02
4.095836949636608324e+02
1.774772372665171929e+02
2.133745703196897523e+02
1.787897674790645510e+02
2.500015259834507617e+02
2.888967522464203057e+02
1.509185623877530134e+02
1.474832364984538060e+02
1.573050479957356345e+02
1.866992870758543006e+02
1.608209634497359559e+02
1.453257789848673838e+02
2.248757680009323110e+02
1.587605736841275359e+02
